A  927 876  652 874  47  3
A  747 37  1024 228  18  1
A  175 40  822 322  12  1
A  173 835  133 954  20  3
A  1265 821  169 310  43  2
A  1633 612  1174 905  46  1
A  1898 473  1225 335  13  4
A  1468 961  384 1031  13  4
A  584 268  1274 18  22  4
A  1486 20  213 207  25  1
A  325 583  58 699  25  1
A  1607 51  541 972  11  2
A  548 66  1708 165  27  3
A  1036 902  1672 910  22  1
A  1882 570  386 955  48  1
A  293 263  1071 723  9  4
A  1031 253  1015 372  47  3
A  1659 778  1131 899  43  4
A  123 19  283 1015  31  0
A  193 455  1697 780  35  0
A  1868 915  438 812  28  4
A  1036 889  1817 343  39  2
A  1768 373  1125 859  25  3
A  988 8  739 363  5  0
A  470 368  96 128  33  3
A  1075 609  774 194  11  2
A  790 897  334 708  40  3
A  955 748  1733 560  29  3
A  1020 740  906 11  43  3
A  711 566  842 799  36  2
A  1850 241  1051 544  12  2
A  1188 278  349 134  18  1
A  1202 765  461 428  42  1
A  1246 589  481 565  35  1
A  310 263  114 72  5  0
A  215 265  1634 766  36  1
A  1351 221  251 540  46  1
A  174 450  786 295  38  0
A  88 857  1364 641  44  4
A  10 544  248 324  44  0
A  1837 764  820 243  32  1
A  1496 193  1882 588  16  3
A  1789 280  1241 928  32  4
A  1143 208  928 100  34  2
A  1484 551  1239 264  46  3
A  719 525  1432 31  48  1
A  1772 1044  1532 907  44  3
A  717 466  1710 18  19  4
A  1470 569  1129 138  29  1
A  1001 206  542 360  17  0
A  520 534  1855 104  35  3
A  1710 410  800 782  44  4
A  452 526  1482 414  25  1
A  164 227  358 753  15  4
A  1076 326  1637 499  8  2
A  949 38  1446 985  12  3
A  960 505  1585 432  34  4
A  9 172  781 511  33  3
A  1840 22  185 270  38  0
A  29 644  109 119  35  4
A  851 65  990 749  37  4
A  404 754  209 370  27  4
A  1864 896  1133 477  9  1
A  395 999  906 372  39  1
A  555 831  1362 524  25  3
A  855 73  1383 485  42  2
A  1590 678  931 311  18  3
A  672 165  1826 337  27  1
A  1269 970  805 767  27  2
A  773 37  1858 395  8  3
A  1133 581  1033 1028  41  2
A  245 168  1865 469  37  1
A  979 204  1151 786  39  0
A  1204 23  1895 641  42  0
A  1328 535  559 626  12  0
A  406 68  1766 331  43  4
A  1638 986  1313 344  40  2
A  1230 574  433 213  40  2
A  758 16  62 414  23  4
A  656 346  1891 195  10  1
A  1000 403  1054 786  20  2
A  1611 733  1388 116  34  0
A  1365 791  1110 938  19  2
A  986 303  1879 20  19  2
A  165 505  355 308  47  0
A  14 933  1044 40  36  4
A  1643 14  564 963  12  4
A  1171 587  1117 61  21  2
A  323 404  1477 382  19  3
A  231 321  1615 327  30  2
A  1607 256  992 943  12  1
A  114 852  1570 1051  32  3
A  905 498  1080 662  9  3
A  516 275  642 325  9  4
A  263 341  1160 238  28  2
A  258 587  1779 2  13  3
A  678 57  100 41  18  2
A  894 525  158 1006  30  4
A  345 1048  1424 779  19  4
A  758 857  707 71  28  2
A  433 798  54 204  25  4
A  332 831  139 1044  42  2
A  304 58  505 602  44  2
A  1091 181  245 28  26  1
A  1894 711  561 421  42  4
A  1228 776  1159 1054  7  1
A  176 665  1002 255  41  1
A  1134 725  824 199  12  1
A  708 991  1642 14  49  0
A  1225 45  1347 306  46  1
A  1567 926  1037 398  17  2
A  1470 1048  679 572  48  0
A  1891 738  1626 295  44  0
A  828 38  896 363  14  2
A  638 329  192 97  43  0
A  439 107  868 828  36  1
A  1022 576  469 881  10  0
A  802 43  1815 508  9  4
A  1145 47  682 362  47  1
A  1541 333  248 206  20  3
A  1028 521  87 957  37  0
A  1430 844  621 351  21  4
A  476 500  617 991  13  3
A  1188 433  968 202  42  0
A  1101 61  783 1009  44  1
A  209 947  1259 536  11  3
A  1194 1006  58 795  48  1
A  441 54  1136 951  38  1
A  291 66  1221 879  5  1
A  342 741  1134 17  7  3
A  355 911  992 935  40  4
A  288 814  355 778  36  0
A  346 935  1232 214  43  0
A  942 689  1608 544  41  3
A  1097 823  22 1031  27  4
A  356 28  1396 8  28  3
A  1209 883  574 637  9  0
A  122 880  1022 834  15  0
A  1656 229  130 256  30  1
A  57 502  1146 59  15  3
A  683 21  66 871  40  4
A  1419 411  765 73  43  4
A  1621 151  499 163  32  1
A  224 454  1148 414  12  3
A  297 31  1416 143  30  3
A  921 646  655 380  12  2
A  1161 9  1208 306  7  2
A  485 295  1180 117  14  2
A  715 435  1643 143  19  3
A  697 218  1309 425  18  0
A  1398 126  1678 153  46  0
A  382 408  1364 471  39  4
A  300 1032  1134 300  14  0
A  1637 104  240 713  43  1
A  831 297  379 1040  12  4
A  1392 1000  431 170  36  2
A  606 248  545 902  41  2
A  313 531  264 80  26  0
A  25 549  9 938  24  4
A  1279 565  46 1031  20  0
A  555 298  313 166  48  4
A  796 486  1619 881  11  1
A  1405 174  42 289  49  4
A  826 32  415 16  40  4
A  417 769  974 736  27  1
A  796 248  1289 21  19  0
A  1360 750  1096 872  34  2
A  1663 721  524 857  33  3
A  1443 629  42 470  42  2
A  991 375  154 637  23  1
A  829 459  374 670  41  1
A  60 273  1823 369  27  4
A  1286 732  361 422  25  1
A  181 405  1325 195  21  3
A  108 87  1210 654  45  3
A  1100 186  944 527  11  2
A  80 57  863 235  16  0
A  295 204  1773 568  32  3
A  464 920  1208 161  22  1
A  424 127  704 26  6  1
A  839 734  907 924  43  0
A  533 753  1192 496  18  0
A  1457 515  947 250  15  1
A  625 651  1598 145  13  0
A  722 189  693 198  36  4
A  1719 1007  80 978  18  3
A  173 417  1306 598  8  2
A  220 390  1474 367  7  0
A  1825 169  373 523  5  3
A  1141 989  1448 874  49  1
A  720 670  1815 501  43  4
A  406 833  376 25  11  1
A  532 784  1624 738  36  3
A  700 109  1718 674  49  0
A  1772 785  1586 1052  26  0
A  960 952  655 1036  10  0
A  1607 311  1628 75  41  2
A  256 460  1536 752  41  4
A  1241 551  1828 251  12  3
A  876 982  1190 542  14  2
A  299 487  1234 754  8  1
A  961 842  1714 529  27  3
A  261 573  1515 609  28  1
A  569 699  470 769  5  2
A  814 338  901 5  42  3
A  7 711  615 153  7  0
A  416 678  652 390  39  4
A  1153 373  1474 49  37  4
A  887 11  1463 97  16  0
A  1157 807  643 18  42  0
A  1386 431  26 273  21  0
A  783 732  1333 727  33  0
A  1748 68  198 255  29  0
A  599 477  344 623  16  2
A  680 735  1624 844  19  2
A  559 672  1840 758  16  2
A  1113 1041  769 879  24  4
A  1084 929  1533 354  39  4
A  1694 744  1683 90  29  0
A  1567 951  1745 152  35  1
A  1121 667  1524 1021  10  2
A  1110 330  1383 80  21  4
A  456 97  554 161  31  0
A  1156 138  526 59  48  2
A  601 508  9 327  27  4
A  438 533  1283 394  31  0
A  928 197  1211 952  44  4
A  408 925  894 754  22  2
A  1105 943  875 423  14  1
A  1461 876  204 410  40  1
A  886 745  1661 370  25  4
A  10 248  1576 33  32  2
A  1110 593  923 584  37  2
A  141 504  817 249  28  1
A  1625 901  1399 21  48  4
A  629 869  1820 130  26  2
A  929 794  392 1058  29  2
A  55 589  930 610  10  4
A  124 1039  1566 61  18  1
A  1225 125  1087 284  21  0
A  1591 1047  851 423  27  0
A  155 98  1661 719  13  0
A  1856 516  1842 178  8  2
A  960 1023  1386 378  19  1
A  1124 321  1391 691  18  4
A  313 89  1216 256  22  0
A  1891 959  236 944  25  4
A  425 819  1060 527  17  4
A  1386 509  1534 5  37  3
A  303 971  392 107  39  0
A  1636 159  371 645  26  0
A  1542 619  74 538  34  1
A  1875 961  395 307  35  3
A  1746 206  1114 720  23  2
A  1731 767  125 535  46  2
A  1185 742  1851 1008  49  4
A  1603 934  119 437  24  0
A  33 79  1716 921  29  1
A  606 437  814 520  28  3
A  1254 581  1057 292  8  3
A  1164 253  537 407  21  4
A  107 444  715 78  8  4
A  833 138  71 249  39  0
A  1745 497  927 451  43  2
A  821 424  30 58  26  3
A  1333 472  203 963  25  1
A  1104 267  1232 119  27  2
A  750 590  1356 181  24  2
A  1823 556  1537 603  24  0
A  792 381  1319 215  46  1
A  773 97  1040 869  5  0
A  1745 636  1119 598  5  1
A  455 865  1346 743  19  2
A  1383 754  405 560  29  0
A  347 962  1058 186  47  4
A  1314 2  1726 55  41  3
A  7 837  1434 367  32  4
A  895 494  1787 234  48  3
A  1623 613  264 901  25  4
A  778 852  768 376  5  2
A  1185 425  1339 244  32  3
A  42 91  292 877  8  4
A  1238 1026  653 377  15  3
A  1567 1003  188 604  49  3
A  1330 762  545 58  5  1
A  767 356  853 806  32  2
A  149 874  248 1021  28  4
A  1112 934  705 266  18  2
A  21 943  1220 10  17  2
A  403 337  1251 481  32  2
A  369 874  170 162  42  2
A  1671 602  48 419  35  4
A  1850 1008  1870 687  21  0
A  184 639  1608 237  34  2
A  254 485  1816 157  33  3
A  1099 47  1569 421  36  2
A  735 1032  556 64  43  3
A  600 994  443 970  21  1
A  575 598  1001 176  15  2
A  283 121  1159 640  43  2
A  35 390  844 85  43  0
A  1119 119  1869 287  43  3
A  570 795  559 206  37  2
A  1627 324  1350 208  15  2
A  231 756  1198 642  16  4
A  1160 791  1219 456  38  2
A  954 279  1421 803  21  1
A  688 309  1383 907  15  0
A  112 402  1565 794  43  0
A  612 826  1733 950  23  4
A  471 388  1573 150  25  3
A  645 959  733 518  29  1
A  647 563  740 110  32  2
A  1743 994  1830 208  6  0
A  65 513  1191 299  25  4
A  60 807  1580 553  24  2
A  1179 734  1148 644  30  2
A  1315 704  1257 368  21  0
A  955 329  666 837  17  2
A  282 975  1432 673  19  3
A  805 806  155 517  47  4
A  1274 791  231 314  30  3
A  856 742  492 1046  40  0
A  1546 966  260 44  28  2
A  532 58  1704 1044  43  3
A  524 88  125 59  30  4
A  976 11  760 539  15  2
A  1147 194  769 851  20  0
A  521 758  1266 773  32  1
A  683 46  579 987  48  3
A  1798 227  783 295  19  1
A  204 267  1744 804  21  2
A  1071 105  836 480  8  3
A  1332 29  1318 970  33  0
A  432 698  1359 823  45  4
A  1618 863  293 294  13  4
A  1555 782  1891 79  8  4
A  361 829  34 849  32  2
A  1829 1054  1684 907  25  4
A  420 789  1057 259  9  2
A  345 23  938 138  19  1
A  1243 1044  771 186  30  4
A  576 1009  1711 130  20  3
A  685 800  939 161  27  1
A  1400 147  185 469  33  0
A  983 523  165 441  9  4
A  250 209  130 201  5  0
A  350 1031  1666 601  34  2
A  1246 811  649 366  47  3
A  1582 424  1428 820  48  1
A  610 948  1682 107  25  3
A  1521 260  1657 163  38  4
A  1320 463  1728 407  22  4
A  1756 555  285 1037  36  4
A  285 76  425 793  6  0
A  672 818  918 106  5  0
A  454 538  592 543  38  0
A  1419 513  1861 987  47  3
A  1813 728  1053 458  40  2
A  279 503  503 24  41  1
A  1834 440  1489 693  36  1
A  533 252  916 146  27  4
A  703 547  394 344  31  2
A  974 840  275 608  5  3
A  967 830  1768 262  21  1
A  65 241  897 546  16  0
A  1472 211  620 920  34  4
A  1761 933  1198 695  17  0
A  662 432  757 470  22  4
A  1195 971  1561 863  25  3
A  159 730  1041 648  31  4
A  16 680  1450 196  15  2
A  835 593  305 174  10  4
A  631 463  1118 560  25  2
A  1359 352  133 41  37  3
A  881 738  828 374  47  4
A  1853 623  76 1003  31  1
A  455 746  1241 472  42  2
A  887 915  297 777  17  2
A  1100 879  1646 485  30  3
A  1584 493  1431 184  47  0
A  1081 920  165 697  35  1
A  1886 123  1875 447  37  4
A  289 506  1127 778  14  4
A  960 884  953 738  6  0
A  1543 857  18 107  42  2
A  817 115  1469 495  29  0
A  111 590  240 838  45  2
A  1698 391  434 605  25  3
A  1711 162  534 1005  43  0
A  1662 456  1593 473  28  2
A  450 553  54 1032  18  3
A  549 779  1701 249  25  1
A  1108 308  1034 322  35  1
A  952 796  1351 178  8  4
A  186 736  540 371  44  4
A  1538 971  49 472  8  2
A  150 992  1208 943  8  3
A  126 262  1206 361  11  3
A  1349 441  372 680  39  0
A  24 465  1493 337  18  4
A  353 686  1146 42  40  1
A  1499 13  1446 27  11  4
A  1166 883  133 224  36  0
A  1160 125  1871 332  16  2
A  257 42  580 371  9  3
A  1797 292  1427 455  19  2
A  1017 525  202 215  45  4
A  274 43  1714 660  37  0
A  410 147  1127 953  46  0
A  367 1009  568 307  12  4
A  1608 809  1124 495  17  0
A  924 574  536 647  39  1
A  1498 35  1084 524  45  3
A  1534 237  1563 813  22  1
A  1499 30  1675 859  39  4
A  1590 989  401 1034  41  3
A  1845 1021  884 641  30  3
A  1134 270  640 990  24  3
A  865 340  1505 40  38  0
A  447 924  1422 274  25  3
A  1214 1026  1213 1007  40  1
A  1225 1045  1614 481  23  4
A  1686 424  1844 86  14  0
A  1294 812  590 392  7  1
A  84 1051  552 326  26  3
A  21 1032  794 26  44  1
A  188 376  1252 562  37  2
A  457 63  607 553  46  3
A  656 848  305 686  27  0
A  1494 556  933 247  9  1
A  975 627  523 121  34  4
A  1247 422  542 951  34  1
A  1814 893  746 393  12  3
A  1298 355  788 816  16  0
A  526 516  668 631  18  4
A  1483 450  521 1038  21  0
A  453 38  957 667  7  2
A  699 968  795 425  46  4
A  713 499  1109 461  5  3
A  713 453  171 301  10  4
A  1015 360  96 69  28  2
A  184 1003  737 42  31  4
A  316 50  1447 183  10  3
A  1638 1041  220 259  9  2
A  1494 80  881 205  18  3
A  1311 301  1230 587  40  3
A  774 214  1632 512  43  0
A  223 484  985 371  40  2
A  1331 230  645 243  49  2
A  791 464  1592 584  26  0
A  1462 873  938 824  30  3
A  1472 947  1415 1016  36  3
A  1443 934  680 368  22  0
A  1413 849  1830 830  7  1
A  822 203  667 246  37  1
A  224 781  794 902  40  1
A  1723 450  973 758  23  4
A  653 62  131 925  17  3
A  1245 27  1237 27  18  2
A  531 312  1477 930  6  0
A  651 1047  1418 365  6  1
A  1844 584  638 397  22  1
A  834 368  990 25  28  0
A  33 611  212 963  48  2
A  1185 901  1595 962  37  3
A  1479 1015  665 470  28  1
A  1618 277  11 276  29  0
A  1824 948  1065 475  45  4
A  1760 31  790 724  14  0
A  467 811  1302 974  20  1
A  132 557  1201 649  42  4
A  1027 677  1443 650  38  3
A  1676 237  498 113  19  1
A  1572 784  1107 1022  49  3
A  195 628  1284 577  27  1
A  1375 846  1458 508  20  2
A  455 262  634 318  43  2
A  28 581  1017 647  14  1
A  363 459  918 882  38  4
A  75 288  899 799  7  1
A  1892 932  1607 491  8  4
A  640 688  1728 355  18  3
A  1614 1047  734 983  14  1
A  197 869  1332 1007  31  0
A  1266 98  1674 257  24  1
A  1878 781  684 1037  22  4
A  643 345  1437 711  25  0
A  1717 206  1622 3  35  3
A  1224 187  109 696  14  2
A  162 452  730 988  9  1
A  1279 419  993 55  13  2
A  1224 111  1842 573  9  2
A  1229 391  1601 663  15  1
A  64 531  1490 885  10  1
A  458 914  28 340  47  4
A  1432 881  800 477  29  3
A  574 393  1171 77  47  2
A  1431 548  849 632  8  1
A  155 539  1427 845  25  4
A  821 415  513 1001  27  2
A  1602 291  521 394  38  0
A  1494 343  15 145  17  4
A  295 703  1194 84  13  3
A  1572 423  329 771  26  1
A  1891 954  1841 156  38  1
A  284 902  1332 965  34  1
A  887 483  736 842  16  3
A  1417 596  1083 511  17  1
A  1441 344  1287 671  15  0
A  1677 78  1566 491  40  4
A  1344 371  729 536  23  3
A  49 1015  1701 665  22  2
A  553 654  950 657  48  2
A  320 459  1406 399  37  4
A  199 492  1432 1006  20  4
A  212 339  1302 121  30  0
A  1311 245  1005 165  7  3
A  719 208  1869 490  20  4
A  1112 137  71 31  32  3
A  45 216  85 169  49  2
A  181 307  71 263  5  4
A  294 924  56 239  34  3
A  554 588  1166 396  38  3
A  675 91  333 946  47  0
A  412 199  1138 629  13  3
A  1182 929  1892 25  28  4
A  244 439  1008 760  5  2
A  1159 685  1238 717  8  1
A  393 1040  939 726  14  3
A  936 1003  1792 106  37  3
A  11 746  782 463  7  2
A  700 496  266 980  32  2
A  998 848  54 948  7  4
A  344 130  679 604  33  0
A  629 136  1593 922  43  3
A  1195 374  904 1049  20  1
A  357 70  1005 755  30  4
A  1784 660  162 918  18  1
A  1769 765  1134 921  6  2
A  431 490  39 677  49  2
A  1635 359  1748 179  39  3
A  948 518  180 413  23  3
A  1007 210  583 361  45  4
A  572 1030  709 338  46  2
A  1301 674  1232 272  31  2
A  1606 346  628 174  33  4
A  1545 606  487 205  39  3
A  1608 998  1443 1044  49  3
A  668 583  785 229  47  1
A  1411 115  1331 323  32  4
A  552 953  1 1041  39  4
A  610 784  437 250  25  1
A  975 770  1034 710  24  0
A  1173 462  308 491  6  0
A  1327 722  1725 610  43  4
A  1885 22  737 278  13  2
A  157 406  1813 954  13  3
A  302 3  1894 68  45  3
A  673 830  643 333  46  4
A  824 989  229 1021  21  4
A  1406 328  121 435  46  2
A  124 935  395 758  36  3
A  1513 343  258 407  43  3
A  968 368  1013 711  32  0
A  817 278  196 498  24  4
A  1797 1037  768 39  18  4
A  496 617  210 111  25  1
A  206 529  907 1036  33  2
A  939 268  11 44  46  0
A  1271 709  283 399  37  2
A  1859 405  1792 99  16  0
A  613 332  274 155  5  2
A  1559 533  1323 98  9  1
A  1540 120  72 643  9  3
A  1188 968  1732 91  44  2
A  1806 970  109 338  14  0
A  1195 215  1669 1009  25  1
A  1511 341  669 374  44  3
A  198 112  498 450  25  4
A  665 1016  154 410  7  4
A  422 305  636 783  5  1
A  1500 510  1 789  12  3
A  337 935  697 586  20  1
A  596 560  580 1026  47  1
A  1112 587  1252 827  9  1
A  733 331  1769 129  26  4
A  1807 706  887 700  47  4
A  1804 904  1654 513  47  1
A  1321 678  1808 662  14  0
A  1798 557  1270 302  36  1
A  185 381  1375 394  35  1
A  359 818  468 598  38  2
A  1237 894  792 83  42  1
A  1052 349  65 600  46  1
A  1643 1001  90 205  5  3
A  1076 1000  499 731  37  0
A  1673 78  1340 413  11  0
A  932 565  565 584  18  4
A  283 180  1825 148  23  1
A  721 376  509 244  23  1
A  642 369  137 962  41  1
A  1584 806  1074 784  36  0
A  26 783  7 151  5  0
A  1028 383  68 493  43  3
A  1222 496  749 31  30  2
A  488 655  83 97  22  1
A  953 1053  322 979  44  0
A  901 315  1161 708  9  1
A  1795 647  1816 455  20  4
A  828 902  175 329  26  3
A  931 514  83 87  48  2
A  283 628  1357 138  37  1
A  783 80  1441 104  38  2
A  1817 235  619 953  21  0
A  992 879  154 660  11  0
A  780 204  866 975  21  4
A  267 515  929 996  8  3
A  62 928  808 855  43  3
A  448 342  1204 587  41  2
A  319 280  1858 1034  42  4
A  1166 932  484 653  27  0
A  1602 246  1110 644  17  0
A  952 436  1724 413  27  4
A  821 132  1031 17  36  4
A  1144 51  720 63  22  2
A  1382 643  1177 558  26  1
A  1474 571  1263 236  12  2
A  564 659  1586 640  27  0
A  1709 126  382 172  13  3
A  172 788  836 832  43  0
A  1876 545  1629 473  29  2
A  1290 730  1460 965  11  2
A  474 442  919 480  17  1
A  1870 771  1677 32  46  3
A  278 808  461 274  12  4
A  192 300  1881 361  34  2
A  1090 856  1047 143  21  1
A  1790 767  1328 469  8  3
A  1173 410  466 642  25  2
A  1775 105  22 988  26  1
A  1144 423  267 226  46  3
A  903 767  89 923  25  2
A  761 372  689 581  24  4
A  1084 307  812 471  21  2
A  1185 857  1692 808  22  3
A  414 622  1079 393  8  0
A  1066 543  542 595  38  4
A  357 439  1897 859  28  1
A  1288 117  890 620  40  1
A  1739 326  540 851  44  3
A  1347 540  640 346  24  0
A  1741 1000  1895 576  8  4
A  1560 365  725 649  24  3
A  792 185  1388 2  35  3
A  986 445  674 426  8  0
A  1544 687  1881 816  8  2
A  576 67  887 984  10  2
A  978 587  485 955  12  1
A  646 349  1726 474  39  4
A  1522 170  501 649  18  4
A  1269 393  577 810  36  2
A  1577 810  601 237  39  1
A  876 424  504 141  49  3
A  1823 445  1682 989  36  3
A  845 306  1060 1026  30  4
A  1736 916  322 645  24  0
A  459 208  1685 33  42  4
A  309 1014  703 365  5  0
A  1838 38  1412 993  5  4
A  1451 785  562 852  24  4
A  433 232  805 507  7  4
A  422 668  1353 668  41  0
A  1339 623  1096 415  18  2
A  1730 947  562 674  37  4
A  1370 175  952 472  44  1
A  81 1012  1768 287  34  2
A  1603 642  1217 568  15  4
A  1319 81  414 907  6  2
A  859 818  241 434  28  3
A  708 323  1361 880  23  0
A  1628 749  1593 828  8  2
A  1285 332  194 315  15  1
A  1166 71  778 440  9  1
A  1414 570  525 996  24  3
A  781 225  813 322  7  1
A  455 286  523 868  44  1
A  1780 292  1595 807  27  1
A  743 673  759 973  45  3
A  260 859  841 977  17  0
A  147 901  290 900  45  0
A  114 830  1206 437  38  2
A  1320 111  36 76  28  0
A  584 193  1280 923  29  0
A  1714 191  1517 195  8  4
A  440 355  1365 183  37  1
A  43 553  1691 901  40  2
A  605 583  553 314  24  3
A  1569 63  648 942  26  2
A  1019 200  1450 156  45  3
A  1261 488  1085 698  23  3
A  979 58  1658 183  39  1
A  905 376  944 890  40  3
A  1065 452  1218 653  16  1
A  733 485  777 83  7  4
A  102 603  1704 339  41  2
A  504 813  385 963  36  1
A  904 433  773 528  15  0
A  1163 440  1279 1  10  0
A  97 338  1231 746  24  3
A  323 488  1788 947  37  1
A  627 672  994 1012  42  2
A  241 531  287 346  46  2
A  1681 794  274 893  17  2
A  758 56  1490 989  33  4
A  1394 378  112 374  5  2
A  1136 204  1324 630  12  3
A  845 118  474 12  14  0
A  1307 857  1391 953  10  3
A  525 361  1386 748  12  1
A  244 157  1259 189  21  2
A  201 627  241 357  35  3
A  400 367  1068 854  41  4
A  1651 690  1654 714  34  1
A  484 221  1757 990  34  0
A  1132 134  1049 191  43  0
A  928 276  1440 570  38  2
A  1180 973  81 621  34  2
A  1197 142  1043 583  31  4
A  280 652  1760 1057  7  2
A  1269 486  1188 638  20  3
A  571 458  1579 43  45  2
A  777 553  577 998  6  1
A  242 335  230 717  9  3
A  1376 499  110 429  23  4
A  1443 270  1351 411  38  1
A  114 951  591 485  14  4
A  1097 271  89 986  19  0
A  302 224  370 24  31  1
A  362 858  692 572  9  3
A  636 82  743 307  30  3
A  1020 851  1375 352  6  1
A  1788 525  433 477  6  4
A  984 885  130 786  24  2
A  1648 351  1070 620  13  1
A  1473 91  1015 288  41  0
A  992 531  1031 939  30  4
A  360 523  404 625  47  0
A  332 436  1380 262  43  4
A  374 103  1792 776  38  0
A  1569 529  1198 724  22  4
A  176 409  341 599  35  3
A  1278 421  1324 282  48  3
A  949 350  185 221  35  0
A  262 719  1243 34  8  3
A  381 117  407 80  12  2
A  1741 50  1426 614  15  2
A  23 828  540 919  23  3
A  987 984  1541 104  11  1
A  964 660  1225 219  45  0
A  1150 208  503 357  30  2
A  1454 402  1847 1013  48  4
A  212 1023  118 24  32  1
A  1102 662  837 903  16  3
A  989 363  484 1027  44  1
A  624 124  691 899  49  4
A  1068 448  1138 536  38  1
A  737 757  570 295  36  4
A  1808 556  366 1006  19  0
A  1701 1021  1120 537  25  4
A  60 864  1459 272  21  3
A  1648 384  573 326  32  4
A  1204 970  1876 786  20  0
A  1651 926  1806 489  7  2
A  1754 285  270 694  28  0
A  641 95  587 592  39  3
A  817 1027  1707 2  30  0
A  1461 370  770 490  6  2
A  1680 387  93 738  34  2
A  655 243  1275 246  40  0
A  1468 523  1645 627  45  0
A  1522 112  184 582  49  0
A  1054 528  400 616  48  3
A  1155 310  928 901  8  2
A  1410 483  52 1025  16  4
A  315 782  377 93  49  2
A  1430 264  1316 54  8  1
A  1304 992  1419 1036  33  4
A  397 875  399 945  31  2
A  1462 1007  890 154  42  4
A  1409 440  1166 78  10  2
A  751 655  1403 747  39  1
A  1230 26  1833 261  19  3
A  1670 831  129 529  6  2
A  388 630  344 571  37  4
A  1475 158  1761 253  41  1
A  740 47  1 684  42  2
A  1237 569  1060 1011  18  0
A  1476 573  286 157  40  0
A  515 415  25 499  36  4
A  1328 493  1472 89  26  4
A  307 39  1708 908  5  2
A  1563 592  1117 743  30  2
A  1198 192  1585 477  19  2
A  1664 704  1308 21  6  1
A  1636 796  1260 928  18  1
A  949 45  1765 458  36  2
A  1457 209  545 266  29  0
A  1518 135  384 824  42  1
A  1408 48  382 528  9  3
A  315 465  995 995  41  0
A  293 1035  1430 371  30  3
A  1023 543  1209 860  44  4
A  673 8  349 137  29  3
A  1183 304  81 46  33  0
A  116 320  1448 843  47  4
A  1548 420  21 111  6  4
A  1519 67  422 609  37  3
A  1435 800  103 336  20  4
A  21 725  1124 442  18  4
A  1424 320  261 204  43  3
A  610 12  208 144  35  2
A  1403 394  1399 505  35  3
A  280 942  1331 1044  33  1
A  1243 599  386 539  28  0
A  380 650  1582 301  46  0
A  729 1057  769 350  41  4
A  182 724  991 381  46  1
A  1659 441  781 50  37  4
A  1783 53  551 102  14  1
A  672 885  1578 686  48  0
A  231 788  1542 813  33  0
A  597 972  1639 660  20  2
A  807 156  1173 768  22  3
A  1719 482  1756 862  39  2
A  199 288  1557 209  49  3
A  1034 658  608 916  36  3
A  91 420  350 602  31  0
A  474 280  51 860  15  0
A  1443 551  333 471  29  4
A  243 565  1318 213  9  4
A  1373 841  1622 981  32  0
A  1419 581  1418 549  45  4
A  616 650  751 867  22  3
A  918 45  1594 183  28  0
A  692 463  1757 442  23  4
A  319 381  1665 513  22  4
A  739 613  55 397  22  1
A  1888 218  1033 91  43  0
A  1806 888  1132 720  41  0
A  653 195  275 122  5  1
A  1606 289  1297 423  29  2
A  1138 565  425 425  42  0
A  976 22  1130 941  40  0
A  896 291  708 1028  19  4
A  1660 669  207 728  41  2
A  464 98  1398 633  41  4
A  865 671  390 83  22  4
A  615 925  1279 697  7  4
A  1158 163  396 446  39  2
A  78 296  781 305  19  2
A  1354 1000  1302 1024  49  1
A  328 111  367 58  31  4
A  183 1053  790 642  36  2
A  1298 289  1012 866  17  3
A  1858 1045  905 959  22  1
A  1404 296  1554 286  15  3
A  122 21  111 430  36  0
A  1006 466  243 188  15  1
A  1725 159  1447 530  15  0
A  1818 576  872 695  32  0
A  1297 551  1251 31  48  4
A  1351 892  1677 694  39  3
A  1136 141  55 920  49  0
A  598 607  546 786  27  4
A  1693 27  1492 405  13  4
A  100 40  431 984  43  1
A  1080 426  413 377  40  3
A  1205 357  1261 512  49  2
A  1240 427  441 438  20  3
A  402 290  1698 66  21  1
A  1106 728  773 777  14  1
A  850 824  1254 463  16  1
A  123 899  203 776  8  4
A  1799 763  504 440  24  1
A  1451 668  1292 989  30  3
A  362 881  1208 995  45  3
A  523 820  817 677  10  1
A  463 291  430 299  32  0
A  1475 858  1669 239  34  0
A  1081 442  983 273  11  3
A  1673 845  1599 661  15  1
A  1454 375  1153 824  9  4
A  295 847  1260 905  28  4
A  630 174  818 331  45  2
A  1426 26  311 542  49  2
A  200 964  119 592  16  4
A  753 912  134 519  6  3
A  628 31  497 1040  33  3
A  979 691  1842 637  44  2
A  686 113  6 1017  5  2
A  1031 235  822 310  9  0
A  1441 1005  832 327  14  4
A  1037 584  1240 587  21  1
A  395 475  1732 49  40  1
A  1048 723  1739 634  18  1
A  1484 456  1054 786  47  3
A  506 400  730 830  23  4
A  1179 745  1410 1052  32  1
A  1593 519  334 817  33  4
A  23 929  1374 315  30  2
A  1061 779  1084 507  17  3
A  1681 375  523 511  21  3
A  318 525  1401 1040  14  0
A  1587 62  885 641  16  0
A  532 875  194 646  32  2
A  1146 455  1001 142  13  4
A  1265 456  614 1000  9  2
A  1184 937  398 317  28  4
A  582 477  654 447  20  0
A  1385 902  332 111  45  4
A  813 718  1282 467  30  0
A  1846 717  361 932  35  0
A  805 446  170 535  13  0
A  834 885  1149 860  20  4
A  1446 650  1341 798  18  3
A  1105 147  932 367  14  4
A  1844 612  1302 685  36  2
A  837 473  558 219  28  3
A  251 615  658 980  45  0
A  479 293  1665 152  42  1
A  1238 917  38 990  6  4
A  1606 40  508 808  27  4
A  1772 226  558 22  36  3
A  1075 277  265 6  20  3
A  1581 329  186 79  29  3
A  1170 212  1367 480  24  0
A  984 200  575 844  46  4
A  148 205  1831 178  43  2
A  1029 875  1146 594  36  3
A  1747 615  1898 726  9  4
A  1536 884  16 76  14  2
A  431 660  1322 959  14  0
A  743 204  1081 474  28  1
A  563 1024  356 422  48  0
A  470 558  1565 440  21  4
A  184 712  1275 1032  33  1
A  394 772  511 329  36  2
A  984 214  1571 57  39  1
A  1198 484  1882 327  36  1
A  677 97  811 734  22  2
A  653 654  1651 848  21  0
A  1379 693  572 62  17  3
A  761 598  389 32  36  0
A  171 426  1815 1033  33  3
A  626 462  750 589  16  0
A  328 469  886 900  9  4
A  1500 960  757 64  49  1
A  1559 1015  202 528  5  0
A  771 603  916 1046  21  2
A  259 595  524 842  14  1
A  1114 513  902 472  38  4
A  1576 465  1076 646  16  1
A  749 220  1078 11  40  3
A  813 811  781 782  14  0
A  1064 681  345 768  13  1
A  501 809  594 996  21  4
A  1180 449  1784 116  15  2
A  1479 97  1137 238  18  0
A  28 854  1673 990  26  3
A  12 60  1664 977  15  4
A  138 994  660 265  10  3
A  124 990  1302 241  13  0
A  1018 310  947 1028  38  2
A  130 908  61 263  43  2
A  918 1042  1369 594  34  0
A  1713 810  1524 225  10  1
A  1518 51  76 593  32  1
A  1475 303  1608 614  23  1
A  1373 13  1117 807  46  2
A  144 927  190 946  41  4
A  1236 467  1831 712  37  1
A  1398 363  1010 146  8  2
A  4 483  957 73  19  0
A  1061 882  273 258  34  2
A  926 946  249 956  39  0
A  157 152  1077 189  14  2
A  1447 814  845 377  12  3
A  1032 416  208 509  31  2
A  542 795  1171 535  28  3
A  1469 111  431 1058  19  0
A  1001 737  1807 718  33  3
A  380 717  1249 537  15  1
A  1342 359  849 30  20  1
A  79 902  746 63  30  1
A  1456 759  43 99  20  4
A  1766 931  363 873  6  1
A  1028 554  1419 197  31  1
A  1850 74  1025 679  36  2
A  542 256  1140 300  11  0
A  172 1019  49 847  43  4
A  241 484  1722 265  29  4
A  1198 489  1138 1029  41  4
A  375 916  535 852  47  2
A  1590 130  460 622  5  1
A  592 434  230 753  23  0
A  405 955  904 1007  47  0
A  943 1042  774 841  12  2
A  1723 199  1328 370  7  2
A  1242 294  1877 502  11  0
A  1745 180  1526 555  28  0
A  1135 850  775 171  18  4
A  1316 433  381 422  20  0
A  1594 270  705 334  40  2
A  782 403  1603 371  27  4
A  1851 443  1299 870  40  4
A  510 638  1835 117  14  0
A  216 878  178 749  40  0
A  855 675  1355 440  26  1
A  969 783  1171 672  25  0
A  1303 498  435 94  23  1
A  1870 838  1684 325  27  0
A  342 883  423 353  15  1
A  1278 40  163 486  22  4
A  1802 921  328 485  35  0
A  905 360  1305 121  19  4
A  359 784  1704 875  42  2
A  440 236  1207 556  9  4
A  164 360  684 247  16  3
A  83 600  1109 363  35  1
A  630 122  106 956  5  2
A  762 454  1389 386  26  1
A  1390 562  699 430  15  1
A  594 154  381 551  18  2
A  119 908  419 601  22  4
A  39 654  1118 1006  45  4
A  1858 272  720 347  16  2
A  1270 673  1016 1002  40  3
A  823 530  1352 284  13  2
A  703 184  297 162  40  1
A  1438 365  1436 876  18  1
A  1822 113  1091 695  13  2
A  669 503  887 45  22  3
A  363 940  725 387  31  3
A  1876 119  1542 633  43  0
A  727 771  1637 843  10  0
A  621 102  973 992  19  1
A  106 918  42 354  45  4
A  29 90  952 74  29  3
A  1304 565  948 678  36  1
A  518 598  285 255  13  0
A  107 134  1247 1  7  4
A  1379 965  747 321  49  3
A  33 240  653 985  39  3
A  633 630  1840 1013  44  3
A  1807 19  1133 472  35  1
A  997 362  1253 1016  30  0
A  385 835  1725 65  13  2
A  1128 841  1177 1053  33  4
A  1468 132  1374 601  32  0
A  1484 1004  1095 690  23  2
A  1076 65  1756 281  24  4
A  1341 119  1219 79  24  4
A  508 184  941 637  20  4
A  1261 738  1203 608  19  1
A  1515 96  977 730  16  1
A  84 674  1843 853  46  2
A  117 669  589 908  10  0
A  827 488  1870 840  33  2
A  952 919  270 195  9  2
A  868 115  1298 1018  12  1
A  1284 942  1082 627  40  0
A  777 652  1000 626  40  2
A  983 439  713 333  25  1
A  1617 672  522 388  29  2
A  882 1020  1437 872  13  4
A  408 194  328 582  18  3
A  813 890  1007 465  38  4
A  417 892  259 1010  47  1
A  593 735  1683 76  40  4
A  1338 677  394 147  19  4
A  241 349  758 910  46  2
A  1605 76  594 593  36  0
A  1784 1051  927 375  48  1
A  966 587  1771 681  33  3
A  208 733  1095 302  5  1
A  439 953  1877 1037  48  1
A  961 201  1817 388  6  4
A  1203 30  1570 442  28  3
A  1098 84  402 462  8  2
A  1340 266  450 28  15  2
A  344 659  1536 634  14  1
A  715 390  1612 412  5  3
A  643 233  1461 345  47  4
A  381 246  155 803  48  3
A  541 100  1131 823  43  2
A  1766 285  1011 82  9  2
A  273 906  495 46  48  0
A  1056 674  211 897  24  3
A  516 240  396 652  26  1
A  1637 977  1817 329  25  2
A  673 186  1802 76  45  3
A  909 794  1199 124  12  0
A  729 268  1124 392  36  0
A  171 854  408 467  28  4
A  1004 868  1133 313  47  3
A  1510 10  252 833  16  2
A  558 7  1266 238  46  3
A  600 273  439 776  25  2
A  1251 956  1371 59  41  2
A  783 720  1610 688  18  4
A  1202 435  1049 846  28  2
A  78 307  395 497  32  3
A  1047 217  191 898  18  2
A  135 776  1525 547  6  1
A  181 191  1173 851  30  3
A  1310 494  134 251  27  2
A  1578 570  1041 965  9  0
A  1804 619  1579 135  32  4
A  344 753  1521 870  32  4
A  391 585  1772 925  31  4
A  1463 938  1750 89  14  2
A  432 219  1725 445  12  1
A  388 41  275 519  48  0
A  1844 233  690 457  40  4
A  198 66  439 1042  23  0
A  707 799  413 989  18  4
A  1732 472  853 569  20  0
A  985 810  1483 453  14  4
A  1578 353  1309 600  22  4
A  1694 420  762 573  25  3
A  1380 674  157 765  18  2
A  1539 567  450 284  21  2
A  1087 262  122 442  5  1
A  846 865  917 327  5  4
A  571 699  592 726  34  2
A  964 444  921 921  19  1
A  1110 580  1464 52  36  0
A  604 195  894 278  8  4
A  750 376  366 119  46  1
A  1798 667  702 362  40  1
A  1221 789  1630 514  47  1
A  471 933  23 1027  25  2
A  1147 762  587 434  25  2
A  1883 2  1086 342  26  2
A  1413 152  1221 536  39  2
A  594 648  1368 337  47  1
A  808 573  1836 464  27  1
A  1348 80  195 75  41  1
A  1825 501  970 603  48  2
A  405 917  684 498  15  0
A  965 639  1058 494  26  1
A  957 557  466 493  13  4
A  1606 181  1171 1042  8  2
A  110 953  998 260  6  2
A  1532 713  631 968  7  1
A  479 269  607 357  8  1
A  590 292  1393 177  25  1
A  1728 112  759 799  39  2
A  1568 744  421 1006  46  4
A  1200 1029  143 111  17  0
A  679 248  296 659  46  2
A  835 56  1144 148  40  0
A  206 713  1494 425  19  0
A  1592 92  416 325  26  2
A  95 171  193 830  40  1
A  1777 926  1371 533  40  4
A  1365 120  1846 302  45  3
A  1552 1058  1709 1018  25  0
A  998 900  118 754  27  1
A  526 932  1384 160  39  4
A  1263 751  1446 694  12  3
A  1524 14  356 722  16  3
A  1237 920  767 26  13  4
A  652 316  714 142  40  2
A  823 997  1136 727  14  1
A  859 432  1614 1017  33  3
A  692 762  538 288  11  4
A  557 474  455 376  37  3
A  1170 24  1022 185  18  2
A  1289 33  241 165  8  0
A  488 672  1642 215  26  1
A  498 193  355 548  7  2
A  135 831  578 330  7  0
A  1255 9  1835 1017  36  0
A  222 995  1719 983  48  2
A  774 493  756 548  8  2
A  1081 39  910 477  29  4
A  761 614  415 499  34  4
A  1269 432  104 1056  31  0
A  1522 923  126 13  22  1
A  1625 353  684 201  36  0
A  18 535  1196 520  42  0
A  265 733  1270 772  49  1
A  1207 953  770 103  17  2
A  1633 456  1455 891  44  4
A  1822 754  67 319  37  1
A  676 737  1176 732  42  0
A  187 974  1105 949  17  4
A  1228 606  894 1018  39  3
A  1002 194  644 170  16  3
A  1784 400  1179 204  16  3
A  1737 727  1175 873  9  0
A  725 419  1019 690  15  3
A  1671 48  1404 545  34  0
A  674 701  1160 690  38  3
A  1844 368  750 895  34  2
A  294 361  909 389  6  1
A  1386 91  632 1026  11  2
A  164 424  493 441  49  4
A  986 315  1537 18  46  1
A  716 362  589 307  19  0
A  1861 503  1626 142  5  2
A  1023 631  1255 895  34  1
A  1080 514  1240 805  22  1
A  89 573  709 546  37  2
A  1699 40  289 80  49  0
A  5 240  914 491  33  1
A  1235 178  1114 770  14  4
A  478 326  78 10  46  0
A  784 412  1890 933  18  4
A  120 558  855 401  48  4
A  1191 776  287 197  17  0
A  428 263  348 923  40  4
A  59 184  1632 937  9  3
A  1054 10  1335 896  8  1
A  1011 915  1036 598  48  1
A  884 352  1122 311  29  2
A  1501 810  1717 182  15  2
A  728 864  358 681  28  0
A  1376 359  555 4  45  1
A  2 938  646 158  31  0
A  116 281  379 931  34  3
A  993 766  1750 42  15  0
A  1084 188  799 735  21  2
A  460 1038  1891 1047  22  4
A  1458 844  849 1025  44  1
A  1072 162  1439 791  48  3
A  1351 918  861 762  15  3
A  1497 197  122 669  37  3
A  1641 244  313 165  41  0
A  1876 810  1411 385  7  2
A  1003 479  512 754  12  0
A  1270 645  56 271  17  1
A  1637 117  1005 679  41  2
A  1714 1039  293 968  39  0
A  1415 512  1435 19  23  2
A  1208 781  473 120  41  2
A  1606 606  1692 374  19  0
A  602 246  369 548  17  0
A  1077 732  1734 971  22  1
A  556 759  843 823  43  1
A  1885 767  1535 430  37  1
A  669 145  1589 681  44  3
A  1693 882  1017 302  22  4
A  1769 1039  1418 596  35  0
A  907 366  162 642  39  0
A  964 1046  239 631  48  2
A  1854 697  1724 903  26  1
A  553 784  750 730  9  2
A  457 1048  871 335  19  4
A  58 963  520 720  21  2
A  340 262  500 1040  13  1
A  759 827  1658 963  42  1
A  471 335  206 961  28  2
A  1493 735  1297 537  15  2
A  1211 688  477 303  10  3
A  677 861  837 810  23  0
A  351 244  169 841  19  1
A  523 171  999 1001  32  2
A  498 318  1132 1055  40  4
A  329 546  1535 179  46  0
A  982 899  876 560  49  1
A  1822 580  1037 764  28  2
A  1775 376  648 386  37  2
A  663 307  670 127  40  0
A  1102 1016  1183 349  20  0
A  724 390  956 793  15  0
A  1654 684  117 972  8  0
A  1301 796  1879 929  42  1
A  813 558  1076 524  47  1
A  1281 611  499 605  35  0
A  1722 25  1605 778  23  2
A  615 4  1163 612  23  2
A  1894 829  1360 133  40  4
A  1202 784  1552 1038  5  2
A  1001 41  813 852  8  4
A  587 952  231 224  20  4
A  143 577  185 547  16  4
A  731 876  1535 11  14  1
A  365 943  1102 110  46  2
A  552 314  883 725  32  4
A  51 466  606 782  43  4
A  1563 766  226 449  40  3
A  583 696  676 910  9  2
A  1556 505  1221 238  22  4
A  1012 791  1581 1016  41  0
A  1682 700  1486 1028  47  4
A  497 506  1268 796  37  3
A  1604 722  1590 252  12  4
A  629 209  246 462  9  0
A  229 572  316 690  20  0
A  1150 62  1625 948  37  4
A  470 140  1117 738  16  4
A  1851 492  1406 473  31  4
A  1655 645  80 833  5  1
A  859 1029  1595 635  34  0
A  220 201  949 817  29  4
A  437 51  1164 994  34  2
A  199 533  736 165  33  2
A  96 925  1009 416  34  4
A  508 1038  1650 383  30  1
A  111 1038  542 112  40  4
A  296 404  235 232  9  2
A  1084 590  682 832  27  2
A  1756 444  578 1006  15  2
A  607 460  1747 958  19  2
A  879 547  1302 374  9  3
A  1478 216  162 285  23  3
A  1574 205  1523 368  34  3
A  61 606  1347 839  19  4
A  848 1051  1080 495  46  1
A  1159 1001  1643 402  7  2
A  552 105  738 226  12  4
A  1360 1029  796 695  27  0
A  798 478  1243 657  37  2
A  157 405  939 97  17  0
A  1593 364  1593 176  11  0
A  1330 878  1357 281  44  2
A  1672 756  461 708  17  3
A  185 862  1717 1001  10  1
A  1168 109  1164 939  43  1
A  412 663  1060 685  46  3
A  318 461  648 175  37  3
A  1699 74  1481 680  24  0
A  1319 852  348 188  43  0
A  154 161  1121 98  18  4
A  1327 385  1074 619  37  0
A  18 420  726 766  48  1
A  1051 27  1427 613  35  4
A  198 919  1126 838  49  4
A  1530 533  1892 931  34  0
A  102 311  462 216  10  0
A  461 140  1677 280  27  2
A  381 158  1317 340  18  2
A  994 22  1548 900  20  2
A  1571 631  1332 976  39  1
A  13 777  1239 716  33  2
A  1813 1027  322 382  42  1
A  240 520  760 757  42  0
A  954 27  1617 474  49  0
A  393 243  253 805  19  2
A  874 812  976 193  25  2
A  887 325  1669 930  43  3
A  603 188  1388 695  32  2
A  1831 571  859 128  32  1
A  670 390  194 1003  15  0
A  963 1041  49 179  22  2
A  181 714  587 62  41  0
A  1190 820  1315 990  35  2
A  683 326  455 74  27  2
A  1185 737  902 351  41  0
A  1396 916  1023 1038  35  0
A  760 189  385 747  11  1
A  1655 502  513 330  7  1
A  103 967  1807 538  17  1
A  91 619  904 745  36  2
A  1847 199  533 631  22  3
A  281 377  337 598  22  1
A  192 12  1023 185  7  2
A  426 1005  1795 866  29  2
A  732 947  576 468  7  4
A  825 832  1359 998  48  1
A  1179 676  246 648  30  3
A  29 759  247 464  24  4
A  1072 263  1395 527  14  1
A  1036 913  1758 52  17  2
A  932 67  806 283  48  1
A  191 269  978 417  27  0
A  1232 179  664 139  30  0
A  1201 687  283 568  46  4
A  131 182  1338 801  45  0
A  1723 319  1327 962  22  2
A  1283 233  1846 353  13  1
A  38 955  1367 614  27  2
A  1815 480  950 670  33  1
A  1495 199  579 1045  10  1
A  805 935  1405 924  42  4
A  182 113  992 188  16  0
A  344 57  783 771  21  2
A  1286 138  1774 456  41  2
A  484 728  1493 355  38  0
A  1393 58  752 230  17  2
A  429 344  1135 834  5  1
A  121 441  418 876  45  2
A  1058 471  472 432  44  3
A  1026 743  893 771  6  1
A  1208 204  436 101  5  4
A  363 336  1235 98  5  2
A  1731 472  1574 202  23  4
A  116 719  1070 848  33  4
A  1474 642  1764 927  43  2
A  1254 322  372 70  18  4
A  961 498  1355 649  28  1
A  481 251  690 27  38  3
A  1686 941  1769 656  15  3
A  557 756  1755 274  25  0
A  1121 81  1022 1045  44  2
A  144 885  935 112  26  0
A  890 640  1747 240  17  0
A  1330 774  714 80  12  1
A  25 512  352 500  21  2
A  140 267  509 535  8  3
A  912 149  170 180  41  4
A  1275 731  429 802  18  1
A  395 306  22 409  11  2
A  905 403  429 89  13  0
A  536 215  214 857  30  4
A  282 875  1109 905  35  2
A  414 922  1846 343  5  4
A  651 832  1215 474  21  3
A  1571 598  1196 672  32  1
A  287 75  1759 73  10  1
A  993 327  656 494  17  3
A  88 1038  1246 294  26  3
A  376 905  707 23  29  0
A  1737 122  738 205  34  2
A  869 1033  532 788  8  4
A  529 303  1797 878  37  1
A  1401 826  1520 699  42  3
A  1854 628  1898 521  37  4
A  833 581  803 111  33  4
A  1840 147  1374 753  37  3
A  22 817  36 611  17  1
A  225 448  644 125  5  1
A  1130 346  737 201  30  4
A  122 933  1082 946  22  0
A  495 957  860 322  5  4
A  1555 125  1396 163  48  0
A  1789 633  144 705  15  1
A  414 533  302 831  39  4
A  340 716  1328 354  47  0
A  386 190  1422 186  27  0
A  1586 619  1182 894  42  0
A  530 804  636 26  21  1
A  1674 935  1791 288  11  0
A  803 478  562 451  12  1
A  1636 499  558 450  32  2
A  975 335  253 809  17  3
A  1480 984  384 348  5  0
A  766 496  641 578  24  2
A  823 687  1858 377  23  0
A  126 66  1601 264  29  1
A  739 56  766 1052  21  0
A  940 598  1724 684  46  1
A  582 612  142 963  47  2
A  402 266  1846 920  25  0
A  423 901  1603 436  28  2
A  1367 1017  1049 166  16  0
A  166 962  125 623  33  1
A  1889 460  635 404  10  3
A  103 38  56 849  20  1
A  6 905  905 150  12  3
A  974 961  1892 735  7  3
A  1870 1046  1695 527  46  1
A  1370 922  1478 306  6  4
A  1416 549  1744 324  21  4
A  1267 837  1460 772  14  2
A  1727 374  923 299  9  3
A  193 912  1801 740  41  2
A  1186 522  524 757  15  3
A  1651 496  64 1035  7  0
A  461 419  665 61  19  4
A  955 191  1470 491  48  2
A  1586 16  1176 1007  21  2
A  1181 215  1169 597  12  4
A  900 275  1017 105  40  1
A  1752 891  1253 777  20  2
A  1622 812  180 524  28  3
A  1056 501  471 724  20  3
A  624 821  875 33  36  4
A  1655 483  1454 24  33  4
A  1078 81  387 611  30  4
A  1660 792  1437 112  19  2
A  596 457  794 899  27  4
A  99 786  848 314  36  1
A  1313 118  1154 107  5  0
A  83 813  148 603  44  3
A  807 116  603 596  43  2
A  569 196  29 335  31  3
A  21 535  361 301  37  3
A  372 987  663 267  42  3
A  254 490  1051 1042  5  2
A  1440 773  1043 295  39  4
A  1307 10  880 349  20  3
A  1024 767  404 926  8  3
A  1071 581  145 994  25  2
A  1005 434  1775 288  8  0
A  1128 720  1045 243  11  0
A  1787 595  285 1000  14  1
A  1688 161  550 472  32  3
A  662 430  851 148  26  1
A  1300 101  837 407  32  0
A  708 630  1226 1033  30  2
A  660 353  457 1038  28  4
A  1681 761  1355 391  46  4
A  1369 568  1224 81  48  2
A  1464 749  546 554  41  3
A  1139 976  1070 957  10  2
A  31 422  860 501  40  0
A  687 201  619 602  47  2
A  1748 554  1017 384  7  1
A  1356 751  147 494  5  0
A  574 657  492 124  26  4
A  1192 1018  1716 524  36  2
A  802 978  230 601  32  3
A  1810 300  557 427  6  4
A  1285 44  167 1012  34  0
A  1300 533  894 432  35  2
A  1518 854  1430 66  5  3
A  1795 532  1371 66  15  3
A  1309 367  35 978  40  3
A  874 112  608 353  37  4
A  1330 877  824 664  26  1
A  1897 319  200 739  27  3
A  913 913  435 676  24  3
A  1492 180  1080 939  13  2
A  123 404  1632 923  42  4
A  1062 408  886 538  29  2
A  1705 221  1498 865  48  0
A  1200 666  1148 228  49  4
A  441 426  159 733  36  4
A  1613 701  893 225  34  1
A  54 498  871 932  11  0
A  1799 781  729 249  49  2
A  676 899  160 637  42  4
A  776 380  473 896  49  1
A  1877 1039  412 971  39  1
A  1514 858  706 225  17  2
A  1712 101  596 261  12  0
A  955 898  1306 55  25  1
A  162 92  838 575  10  2
A  66 177  423 810  5  2
A  506 514  1417 192  11  4
A  486 904  52 902  15  4
A  909 461  813 388  23  3
A  1594 650  1632 324  17  2
A  357 555  1082 792  45  2
A  200 43  817 449  47  3
A  929 986  752 501  43  0
A  28 510  443 261  38  3
A  201 4  1386 934  43  0
A  1826 897  1731 768  40  3
A  1103 822  264 540  26  1
A  800 652  117 125  36  3
A  1575 74  388 290  22  3
A  1705 388  454 671  19  2
A  1767 13  392 630  38  4
A  1818 696  156 834  46  4
A  458 57  92 515  32  3
A  1225 689  1704 265  21  1
A  1663 636  1231 269  38  1
A  364 107  559 836  12  2
A  1782 387  1689 238  12  2
A  1597 360  766 541  17  3
A  1099 513  1329 763  25  2
A  1746 514  169 158  23  4
A  1584 919  16 543  10  3
A  1667 837  552 148  27  4
A  286 657  586 892  43  4
A  1313 770  1359 754  45  4
A  967 772  255 848  45  1
A  1197 214  370 93  9  3
A  1538 288  1195 342  47  0
A  957 415  432 635  14  2
A  429 244  1552 500  36  3
A  290 438  382 957  31  2
A  1528 675  898 271  28  4
A  1169 278  959 676  37  3
A  1331 929  843 615  37  0
A  1158 318  1091 202  9  2
A  1232 761  60 254  13  3
A  938 299  1173 36  20  3
A  1407 111  503 967  47  1
A  275 591  417 391  21  4
A  906 716  1465 69  21  4
A  92 263  717 404  30  2
A  1023 588  1438 248  7  0
A  694 516  1711 557  48  4
A  753 911  1222 263  17  0
A  849 880  1509 234  39  0
A  1458 421  1615 867  43  2
A  1015 301  1226 793  36  0
A  594 315  1811 277  48  2
A  1108 818  1018 1010  38  0
A  791 143  500 260  7  1
A  1772 548  1635 367  15  3
A  1817 522  1046 435  23  2
A  910 222  1523 833  11  3
A  100 880  798 358  15  2
A  1850 593  875 102  5  2
A  424 537  92 991  37  3
A  464 514  42 110  14  0
A  1497 811  612 12  6  4
A  1380 757  356 771  27  1
A  1543 938  1812 478  17  2
A  1222 316  1587 635  27  1
A  875 663  982 517  48  3
A  948 163  1394 692  22  0
A  868 720  1119 944  16  2
A  963 454  1037 155  47  4
A  1164 186  1838 211  11  0
A  179 108  701 141  21  4
A  944 606  549 178  8  2
A  1121 87  277 960  8  3
A  919 786  1194 496  6  3
A  758 358  1064 316  46  3
A  1733 521  1666 614  7  4
A  1361 947  30 202  20  1
A  159 818  188 28  11  1
A  728 1010  630 862  39  3
A  1392 197  101 57  10  3
A  1387 678  524 225  8  1
A  1430 46  593 272  28  1
A  513 20  461 493  43  2
A  957 829  955 567  28  4
A  322 516  1143 584  25  3
A  1499 692  1218 563  42  1
A  1061 879  609 187  39  3
A  50 977  1150 711  43  0
A  236 580  1159 391  24  3
A  1337 1  191 212  47  1
A  272 416  168 970  6  2
A  774 913  29 863  15  3
A  1233 642  562 323  10  0
A  1274 901  1677 793  44  3
A  1888 1013  1350 819  20  2
A  1467 417  1596 147  28  2
A  397 162  652 826  7  4
A  891 51  986 493  9  2
A  1571 1048  533 548  19  0
A  1129 302  1743 459  9  4
A  778 793  678 1026  46  3
A  1494 458  692 706  41  0
A  91 427  1681 29  20  0
A  1621 123  1296 487  42  0
A  1577 661  1144 240  17  0
A  1021 642  1564 792  24  2
A  950 1035  175 523  38  3
A  313 744  730 494  46  2
A  421 67  1806 257  36  0
A  519 443  483 944  36  0
A  1334 509  129 890  31  0
A  1047 304  705 854  12  4
A  1557 812  215 127  38  1
A  1722 691  1301 828  14  2
A  1258 900  3 541  39  1
A  708 791  1852 809  41  1
A  1360 189  230 825  38  4
A  56 293  13 932  37  1
A  645 354  522 378  44  3
A  1286 524  364 481  27  0
A  1084 905  343 976  37  0
A  1602 987  706 744  22  1
A  225 761  1074 198  43  4
A  721 210  453 716  19  0
A  379 267  1024 515  5  2
A  1708 724  99 491  37  1
A  676 867  625 634  18  0
A  1396 649  1851 262  49  1
A  801 461  326 447  22  2
A  219 828  1286 823  29  1
A  1877 424  1102 649  40  2
A  87 292  634 593  46  2
A  23 714  418 674  22  3
A  1690 110  1431 968  9  0
A  608 448  988 894  47  4
A  1073 1041  1828 255  35  4
A  1194 790  508 528  13  1
A  1718 78  1733 336  44  0
A  1226 986  1252 957  31  2
A  1777 134  110 18  29  4
A  274 214  1456 963  16  3
A  1459 476  728 279  49  3
A  1865 582  293 398  46  2
A  1840 869  275 245  32  2
A  1667 856  496 769  31  2
A  1524 141  291 92  36  3
A  982 535  809 451  49  0
A  1686 811  100 300  37  3
A  469 962  712 725  27  4
A  1679 446  1848 975  21  4
A  985 612  675 548  14  1
A  1033 66  398 754  39  4
A  1340 356  436 912  48  3
A  1135 209  632 247  16  2
A  339 705  1678 787  23  4
A  1313 810  626 1021  43  2
A  224 712  49 1023  16  0
A  107 418  518 915  10  1
A  1533 945  1208 858  28  4
A  490 752  492 448  26  0
A  135 284  895 413  30  0
A  936 470  1677 377  15  1
A  1179 1012  1574 898  15  0
A  524 213  930 244  26  0
A  1219 473  1459 351  32  0
A  1388 549  1267 163  17  4
A  628 810  1546 38  44  1
A  314 619  456 828  7  1
A  1525 393  1701 376  5  0
A  1483 69  458 923  47  2
A  373 320  181 412  15  1
A  937 275  1058 183  35  0
A  1007 39  781 343  5  0
A  1251 1045  755 412  48  0
A  937 137  1746 228  17  3
A  600 525  970 854  33  2
A  1262 487  685 620  32  0
A  1602 989  1762 143  49  2
A  465 575  659 661  23  0
A  486 557  534 925  45  1
A  375 538  551 458  27  1
A  1335 166  1820 620  33  3
A  663 361  1352 825  36  2
A  1399 742  1024 830  15  4
A  1815 73  142 749  43  4
A  1755 454  1297 399  22  1
A  1452 799  639 913  47  3
A  1408 35  739 100  32  2
A  1849 651  729 434  26  1
A  138 597  970 792  48  3
A  504 614  1494 733  8  1
A  567 397  1378 1046  5  0
A  144 278  357 375  16  4
A  763 952  1400 884  18  3
A  101 709  930 871  41  1
A  1591 437  935 266  11  0
A  1004 918  1817 682  14  0
A  1444 889  510 661  19  3
A  1030 479  186 1022  39  4
A  1116 85  1505 358  23  4
A  1479 799  1736 514  15  2
A  1066 610  1597 656  29  2
A  396 389  783 978  35  4
A  232 1021  1399 270  23  0
A  1194 299  820 912  23  0
A  171 289  79 467  49  2
A  867 162  507 604  13  3
A  1158 966  352 181  40  3
A  1701 1049  576 572  19  1
A  687 1025  11 79  47  1
A  539 288  1090 390  18  1
A  1687 335  701 66  44  4
A  330 358  598 242  41  0
A  1057 724  644 813  46  0
A  845 535  660 528  29  0
A  1421 465  498 123  8  1
A  1302 795  1193 783  29  0
A  554 356  195 32  15  1
A  1559 648  43 1043  8  1
A  358 970  487 471  25  3
A  1841 683  1831 911  34  4
A  230 713  546 403  26  0
A  588 922  1476 475  17  4
A  1002 486  1819 717  10  2
A  868 200  1435 635  48  2
A  1721 704  641 792  16  0
A  1571 18  1305 837  26  1
A  1490 682  35 738  27  2
A  1137 331  1089 816  13  1
A  361 397  1523 296  29  2
A  1173 485  103 346  12  1
A  138 120  389 323  23  3
A  1836 508  345 752  38  4
A  606 656  1166 387  34  1
A  1250 1045  1755 654  16  2
A  1193 807  897 148  8  2
A  380 72  1787 481  20  2
A  744 472  277 301  31  1
A  296 522  384 334  30  3
A  1440 800  1154 108  6  2
A  1140 491  1154 869  25  0
A  596 432  1052 616  23  4
A  673 450  963 883  16  4
A  91 919  314 695  28  4
A  1063 746  916 1009  14  0
A  1737 554  666 623  23  1
A  355 532  390 339  23  1
A  1399 53  486 362  21  4
A  274 867  1509 808  24  2
A  1004 350  248 252  9  4
A  1067 728  1868 846  39  4
A  1024 239  456 495  34  1
A  531 678  889 829  22  3
A  818 898  1697 887  13  2
A  62 294  1662 942  17  3
A  177 866  1722 857  49  1
A  813 609  617 529  41  1
A  557 1027  86 1027  33  1
A  697 166  909 174  16  0
A  1118 568  1894 612  17  3
A  1606 559  1652 640  49  1
A  946 302  877 163  19  3
A  692 41  492 798  28  0
A  189 737  1199 1011  39  0
A  951 102  1545 657  5  2
A  711 993  1507 535  8  3
A  1543 871  1310 141  46  4
A  514 678  176 539  39  1
A  919 358  1094 638  36  3
A  1035 1044  1672 560  12  4
A  1168 805  1692 487  15  2
A  1155 843  1028 1025  24  2
A  932 811  85 488  25  4
A  1296 281  1385 810  12  3
A  1740 207  783 745  48  0
A  1344 1028  1442 89  35  2
A  26 530  237 387  17  4
A  1594 251  37 191  26  4
A  1698 8  140 935  5  4
A  1693 3  344 648  28  4
A  285 652  312 347  28  2
A  321 592  1009 199  49  3
A  865 945  1780 622  48  3
A  1481 1038  51 693  23  4
A  1150 139  1097 74  49  0
A  1238 385  1309 170  32  3
A  1109 54  1827 710  5  1
A  950 290  1883 2  9  3
A  1426 417  402 37  10  2
A  231 860  1338 820  16  3
A  1237 44  363 607  31  2
A  302 935  1353 69  40  3
A  1287 816  1700 1002  30  1
A  1465 336  1153 1019  6  1
A  1367 849  388 925  30  0
A  1415 467  1199 970  6  1
A  478 88  513 863  49  1
A  502 268  1079 674  20  4
A  891 188  1686 1056  22  2
A  1192 6  1861 761  19  1
A  1756 691  71 187  27  2
A  1685 400  918 59  23  4
A  1570 297  668 829  49  0
A  1418 87  470 276  33  0
A  1388 48  1796 662  29  2
A  1173 217  1424 436  44  1
A  114 590  1458 892  36  3
A  231 171  43 91  47  4
A  114 902  1086 264  29  1
A  1034 179  309 1023  46  0
A  687 627  1647 231  18  2
A  889 109  1594 739  48  0
A  1373 877  1398 328  28  2
A  487 522  1496 285  29  2
A  1478 913  1767 640  28  0
A  1790 676  159 758  14  0
A  842 149  1084 436  15  0
A  723 213  227 213  48  2
A  435 852  1122 43  17  1
A  871 548  1386 230  18  2
A  590 718  1043 882  13  4
A  1217 750  1455 253  28  1
A  843 381  1881 622  31  0
A  1590 801  907 152  30  2
A  1025 908  1705 763  8  0
A  1710 320  1355 605  7  4
A  1560 671  1014 67  25  0
A  623 940  166 705  23  3
A  380 613  526 439  17  3
A  708 814  1011 765  32  1
A  1050 880  242 526  30  1
A  222 157  488 628  30  0
A  1793 520  1305 92  10  0
A  517 857  605 963  49  4
A  1279 597  148 62  18  3
A  624 573  1158 578  41  0
A  426 273  5 346  32  2
A  1291 1055  122 429  19  0
A  661 776  357 1047  20  3
A  181 771  916 542  8  4
A  980 1009  264 678  39  3
A  465 686  1701 710  47  0
A  124 436  683 907  25  2
A  199 766  1899 756  5  1
A  315 659  54 543  21  2
A  1722 841  1549 18  11  3
A  1286 576  586 580  24  1
A  335 823  27 98  12  4
A  53 61  522 692  10  3
A  815 157  1447 49  10  3
A  408 694  1 797  39  2
A  1338 891  280 216  6  1
A  1487 238  847 734  37  1
A  1458 922  1183 73  44  0
A  1401 41  854 320  40  4
A  560 538  1880 261  38  4
A  1845 1018  1895 545  19  3
A  629 994  1517 756  48  1
A  917 159  1468 172  37  4
A  1389 645  295 543  30  0
A  849 337  1035 49  38  3
A  174 183  493 541  40  3
A  1512 501  1582 929  12  2
A  1547 647  653 35  46  2
A  1589 633  1502 184  41  4
A  1821 66  116 96  47  1
A  1052 1041  161 157  10  4
A  365 127  1035 459  28  0
A  1714 595  1364 167  37  0
A  845 751  1060 179  32  2
A  1731 340  735 1047  38  2
A  966 632  996 547  20  1
A  461 87  990 197  27  0
A  862 813  1257 426  20  4
A  1793 317  142 554  14  4
A  903 460  309 618  9  4
A  1040 125  22 1056  40  2
A  799 826  1099 721  40  3
A  1091 497  1011 168  10  4
A  779 101  1273 261  12  2
A  662 742  814 263  20  4
A  513 632  851 55  6  1
A  487 972  1623 58  24  3
A  737 797  1668 1028  33  0
A  44 837  828 978  16  0
A  972 693  597 707  37  4
A  761 270  542 952  45  0
A  1669 884  307 444  7  1
A  1034 51  1351 222  37  4
A  630 896  118 518  29  4
A  246 367  1123 975  16  0
A  1745 267  1250 259  36  2
A  1166 492  303 413  6  2
A  807 523  609 458  12  1
A  79 567  149 1017  48  1
A  487 964  395 102  19  1
A  1394 136  1100 1004  32  1
A  1703 293  1564 658  7  2
A  95 246  1227 1044  34  0
A  537 1023  1212 459  12  0
A  375 711  1846 710  8  3
A  711 187  1114 723  13  4
A  834 38  727 850  21  1
A  755 992  412 782  18  3
A  987 798  451 212  27  4
A  134 52  207 261  39  1
A  1639 317  1068 85  15  4
A  1519 6  422 199  42  4
A  1365 384  543 210  6  3
A  598 866  1461 842  35  3
A  1038 864  1522 1025  47  3
A  1186 748  1065 587  49  2
A  151 845  1584 765  44  1
A  1336 82  1545 251  27  3
A  615 322  1121 396  19  1
A  7 682  128 821  8  2
A  470 846  678 87  43  4
A  445 516  1049 729  34  1
A  1742 250  808 359  29  2
A  654 989  1894 456  22  4
A  859 956  1673 359  8  1
A  1849 468  1320 47  47  3
A  731 992  722 940  13  1
A  978 547  1318 706  18  2
A  1790 945  1533 497  8  1
A  528 364  627 441  49  2
A  255 553  1817 95  25  0
A  620 703  49 862  8  0
A  1170 354  334 849  22  3
A  233 1003  550 27  20  3
A  1370 568  787 869  46  3
A  987 356  468 364  38  0
A  1189 704  183 471  6  4
A  986 177  1173 420  28  0
A  485 471  708 687  10  0
A  750 532  40 890  22  2
A  1045 709  1610 374  35  4
A  1474 1027  1310 258  28  3
A  897 64  637 310  41  0
A  215 614  1499 756  6  1
A  1788 832  554 569  19  1
A  103 519  917 273  28  2
A  439 328  1269 1041  28  2
A  1090 195  183 587  32  2
A  1303 584  66 874  15  2
A  195 129  111 109  25  0
A  1417 973  1885 274  48  0
A  1457 10  1410 178  31  3
A  438 701  1775 1021  31  2
A  1453 756  1497 491  15  4
A  1659 297  878 830  32  3
A  248 244  1813 793  46  2
A  95 280  822 338  8  0
A  226 496  1519 614  20  0
A  1106 955  268 655  27  3
A  1325 118  27 975  38  4
A  976 456  1851 709  26  2
A  513 109  1522 835  42  2
A  61 793  1401 692  24  1
A  872 738  418 440  33  2
A  1190 570  1395 357  18  1
A  924 906  1072 635  25  1
A  1309 809  315 483  6  2
A  175 1029  1647 1028  11  2
A  711 865  1177 890  37  0
A  1207 559  353 575  12  3
A  1191 793  1849 675  10  1
A  1861 289  717 788  9  4
A  1570 251  735 610  35  4
A  1129 171  654 666  31  4
A  508 161  723 641  38  2
A  1376 619  1345 45  26  0
A  1402 928  906 219  26  0
A  1865 959  1522 381  39  4
A  862 778  85 708  26  4
A  1512 784  732 896  18  0
A  908 834  991 126  32  2
A  1251 94  837 210  25  4
A  860 163  1525 354  34  4
A  308 158  604 366  46  0
A  625 859  36 809  32  4
A  1001 327  981 452  38  3
A  501 477  1459 119  37  1
A  785 859  599 930  34  0
A  1336 974  1773 352  35  0
A  1384 257  1411 80  23  3
A  1667 359  145 200  26  1
A  645 665  308 984  26  2
A  1152 861  806 692  13  2
A  607 1031  99 813  33  1
A  1645 179  1769 536  14  2
A  1054 1058  639 811  28  2
A  702 743  147 742  34  3
A  89 444  476 268  21  4
A  1620 235  602 939  40  0
A  1391 265  384 352  41  1
A  391 267  1866 490  34  2
A  1173 541  212 160  36  4
A  716 845  568 932  23  4
A  1064 186  291 946  12  2
A  944 68  937 760  42  1
A  48 164  698 275  31  2
A  732 679  1471 1056  22  2
A  660 1020  864 248  7  0
A  404 288  616 336  5  3
A  1340 971  1774 1029  36  1
A  1520 660  1142 711  45  1
A  1380 699  140 211  10  4
A  1550 628  524 647  46  4
A  1297 553  1077 165  26  4
A  938 941  1075 164  17  2
A  503 635  1579 337  6  1
A  1078 1006  797 639  30  4
A  1095 212  152 272  19  1
A  1693 128  934 942  38  0
A  427 424  1708 74  33  0
A  1233 243  5 92  21  1
A  1210 199  1450 287  45  0
A  252 318  1832 84  10  4
A  745 523  852 759  20  1
A  1806 444  890 594  31  0
A  1285 304  654 742  29  2
A  1754 799  246 984  37  4
A  696 959  1307 768  35  2
A  372 161  1452 557  27  4
A  1103 131  1266 425  15  2
A  1367 562  1553 113  25  2
A  360 91  214 379  47  1
A  1688 303  552 815  8  2
A  1104 128  600 156  10  0
A  425 980  1516 343  40  3
A  60 524  956 294  25  3
A  1368 270  1824 182  16  1
A  1315 589  806 919  26  4
A  499 600  17 751  23  2
A  1156 286  862 724  24  4
A  318 250  1876 754  6  1
A  1787 976  668 963  21  0
A  254 186  431 600  28  3
A  761 817  1180 819  28  4
A  1093 105  775 368  11  4
A  119 259  46 55  35  4
A  761 252  831 882  7  2
A  612 833  520 783  33  3
A  1723 7  1567 604  36  1
A  1245 431  573 800  9  4
A  1876 251  1354 703  26  4
A  629 640  1744 960  37  3
A  954 486  457 587  31  2
A  1745 105  209 313  46  2
A  1381 818  1279 1014  8  0
A  760 686  1381 686  21  0
A  1198 191  460 874  48  4
A  17 258  1480 434  15  1
A  1377 902  1878 586  7  1
A  834 300  309 805  24  4
A  435 1007  6 189  48  2
A  1309 211  158 81  25  4
A  435 263  1672 1027  49  4
A  308 738  843 959  20  3
A  562 231  923 212  23  0
A  943 395  1157 61  44  0
A  521 913  1682 451  14  4
A  1445 261  1314 477  48  4
A  1078 77  342 334  38  4
A  117 730  562 740  34  0
A  750 238  186 907  26  0
A  730 492  996 444  44  2
A  3 749  144 538  44  2
A  934 137  721 1036  6  1
A  1836 360  452 1010  46  3
A  1081 923  1336 599  18  0
A  581 313  1392 577  42  1
A  1832 72  1826 636  5  0
A  780 1044  274 494  48  1
A  235 901  1666 179  16  4
A  1438 912  963 726  43  1
A  406 85  511 579  39  3
A  1735 126  1620 413  34  3
A  698 775  1259 473  34  2
A  411 164  1373 1009  39  0
A  921 694  1209 824  15  3
A  782 767  1050 333  26  4
A  1833 953  563 745  7  2
A  1380 697  1792 380  10  3
A  1564 173  950 918  40  1
A  315 96  1060 796  32  0
A  1741 346  767 551  31  0
A  1208 684  319 911  11  3
A  1608 442  1435 581  9  3
A  1706 538  563 676  48  3
A  1042 283  986 262  47  3
A  815 153  1836 1002  35  2
A  1160 313  943 951  26  0
A  9 24  279 16  32  3
A  1714 124  43 238  40  2
A  168 955  1667 75  37  4
A  1225 952  1453 202  17  0
A  161 399  75 725  20  1
A  502 971  1255 93  32  0
A  1438 514  1809 61  7  1
A  705 892  1776 745  22  1
A  1064 965  10 909  37  4
A  1531 260  1288 926  10  0
A  1369 659  601 645  17  1
A  782 62  335 791  31  4
A  1864 401  611 501  16  1
A  1179 323  596 409  12  3
A  1259 436  295 439  37  1
A  1490 32  772 331  44  2
A  1604 851  559 599  19  0
A  1378 830  409 662  36  2
A  933 282  1730 309  17  0
A  944 403  791 399  32  0
A  572 212  69 265  16  3
A  342 800  1 333  37  2
A  1361 42  818 182  14  1
A  309 177  364 992  36  3
A  1487 742  1583 850  7  0
A  1827 614  950 817  19  3
A  67 633  1698 1029  9  2
A  1348 12  465 6  34  4
A  1120 635  1527 704  22  0
A  1304 226  1628 387  31  2
A  132 304  876 314  33  3
A  32 60  1633 383  21  4
A  125 710  656 1010  18  2
A  1120 448  698 119  14  0
A  1656 468  1572 156  25  0
A  778 40  1276 687  34  4
A  315 319  970 80  7  3
A  1365 847  973 93  45  4
A  1496 230  1882 114  31  4
A  259 677  387 43  29  3
A  344 964  1255 600  26  4
A  1662 658  1308 712  34  2
A  407 804  790 753  37  0
A  1627 185  602 301  9  3
A  520 811  492 1048  44  3
A  1663 510  543 898  13  1
A  1759 725  805 820  9  4
A  582 256  1600 164  49  4
A  1836 236  455 158  45  1
A  1633 1010  1457 858  15  4
A  256 425  634 691  23  2
A  170 995  14 215  25  3
A  119 277  1880 591  47  4
A  0 1050  1598 667  11  3
A  234 334  590 283  49  3
A  1419 473  438 906  49  2
A  1023 774  1749 810  26  4
A  733 492  1841 393  28  0
A  263 576  1858 433  33  4
A  173 269  1573 803  13  0
A  1396 892  1143 495  18  4
A  149 174  1494 78  39  2
A  454 397  940 387  48  3
A  1655 58  1651 853  26  0
A  612 604  1216 977  24  4
A  467 848  774 150  10  4
A  1370 104  790 876  44  1
A  123 308  1496 703  12  4
A  459 822  1677 650  5  0
A  577 287  776 814  17  0
A  1555 564  23 161  42  3
A  1126 857  294 28  5  0
A  695 188  1820 411  39  3
A  1222 815  350 871  42  1
A  1091 1035  1425 887  41  2
A  94 316  1859 30  48  1
A  1480 1016  603 755  44  0
A  607 551  1328 328  44  4
A  688 16  571 430  34  4
A  48 950  1076 754  24  2
A  1408 876  1405 347  46  0
A  13 186  231 768  13  3
A  1848 301  519 529  46  1
A  425 661  162 57  21  4
A  58 480  776 254  16  1
A  123 474  1462 328  19  0
A  1784 967  1666 667  13  2
A  995 716  565 487  17  1
A  1573 103  1619 807  32  0
A  1561 890  1490 818  46  3
A  36 779  723 130  19  2
A  750 615  116 228  30  4
A  280 42  313 705  19  0
A  643 654  293 382  29  0
A  845 787  1507 267  27  3
A  216 613  322 459  20  4
A  828 877  1809 684  18  4
A  661 410  1067 894  26  3
A  16 831  1535 302  11  4
A  1607 271  616 27  33  4
A  70 134  1779 625  45  0
A  1419 713  1484 720  10  2
A  697 271  1813 956  17  1
A  804 153  564 859  25  0
A  308 175  481 1017  42  2
A  1483 684  38 582  49  4
A  1669 100  617 74  18  4
A  1288 610  1430 13  31  2
A  594 42  873 279  44  3
A  309 434  463 1023  41  2
A  747 354  822 165  29  3
A  1649 858  1164 379  19  4
A  438 273  1039 229  16  2
A  588 33  1751 841  37  0
A  802 313  460 605  23  1
A  923 835  518 637  11  2
A  980 402  557 956  26  2
A  1325 420  167 576  16  0
A  1785 641  918 897  43  2
A  1114 545  1748 414  32  3
A  798 417  1024 476  39  2
A  495 227  1319 572  18  3
A  1294 601  1293 613  9  1
A  659 367  987 569  26  2
A  1184 690  147 532  25  2
A  1520 875  419 236  8  1
A  893 418  1893 65  20  3
A  778 917  921 223  20  1
A  821 1  650 748  41  1
A  403 435  656 222  44  3
A  1224 419  1728 904  43  1
A  1262 653  1681 195  13  2
A  1475 668  681 657  8  3
A  1340 76  365 330  42  3
A  1136 540  3 472  7  4
A  1538 587  1265 278  38  3
A  302 417  1187 963  32  2
A  1567 239  918 788  21  3
A  1492 676  1150 449  31  2
A  1777 34  1179 660  39  1
A  606 477  1840 671  45  0
A  325 637  1332 1044  33  1
A  1553 460  176 31  46  4
A  1097 293  1781 647  37  4
A  786 19  1194 445  26  3
A  438 669  1822 871  5  4
A  286 297  1127 111  31  2
A  1439 1047  372 235  38  3
A  352 335  1278 1013  34  0
A  104 760  1371 370  37  4
A  1415 1056  463 257  12  1
A  1187 105  233 746  26  2
A  1658 816  714 362  18  4
A  636 855  140 114  45  1
A  1827 1017  47 730  47  1
A  1717 435  1112 372  14  1
A  368 891  1369 514  49  0
A  201 419  693 507  47  4
A  171 858  1896 923  9  4
A  1290 903  878 289  19  2
A  125 823  832 830  45  2
A  1713 944  1020 122  20  0
A  1068 931  1541 833  18  3
A  1734 909  1473 243  45  0
A  1592 1015  753 90  29  4
A  1667 789  82 52  36  0
A  409 485  1666 669  17  1
A  931 147  1027 733  18  2
A  288 47  298 522  40  3
A  1012 494  1458 997  46  4
A  277 984  616 171  43  2
A  1 437  92 387  8  2
A  63 570  719 222  15  4
A  1471 1003  532 630  15  4
A  5 789  1041 396  22  2
A  1390 916  53 366  17  1
A  1406 349  1098 770  38  4
A  322 624  1299 934  33  1
A  1030 850  1769 234  37  2
A  1029 457  316 690  43  0
A  1259 856  1391 773  29  4
A  734 520  320 205  28  3
A  994 1057  1404 865  8  3
A  211 994  113 500  18  0
A  519 929  694 836  26  0
A  1551 831  556 123  49  0
A  1374 830  283 794  15  3
A  1574 241  1395 859  36  4
A  1102 789  1753 975  17  1
A  1092 21  351 186  27  2
A  766 381  1185 394  36  4
A  417 290  1792 312  26  2
A  330 570  1701 245  34  2
A  884 363  457 1009  18  1
A  1603 662  1612 886  11  2
A  520 727  1663 526  44  1
A  927 171  1681 859  48  2
A  1119 233  239 160  25  1
A  1467 127  684 616  11  0
A  1127 559  1757 352  22  3
A  654 178  1318 149  24  2
A  780 483  515 693  43  0
A  1062 142  615 121  44  0
A  262 841  532 259  5  1
A  574 389  1072 983  23  0
A  1062 287  700 652  33  1
A  1516 728  339 411  43  2
A  1481 515  716 576  19  0
A  753 163  1524 98  17  1
A  239 696  587 491  35  1
A  1413 14  820 433  21  4
A  269 614  1029 421  35  0
A  1003 358  10 572  21  4
A  534 211  823 350  39  2
A  1076 308  174 164  32  1
A  1517 177  1632 177  38  0
A  1398 812  1584 88  8  1
A  1795 69  799 5  13  2
A  617 167  348 912  33  3
A  1029 66  318 375  27  2
A  953 819  1420 825  47  3
A  1535 267  1487 119  12  3
A  1572 722  1754 443  8  4
A  1520 77  1758 89  34  1
A  1559 770  1595 969  48  2
A  992 711  1457 884  12  1
A  259 144  65 1018  11  3
A  1391 928  1875 357  27  0
A  736 472  12 315  8  3
A  783 984  1236 578  49  4
A  1148 158  1805 197  27  4
A  1095 13  339 840  16  0
A  1233 95  423 69  42  2
A  796 721  1400 621  23  0
A  394 951  1202 882  42  1
A  1528 1042  366 774  29  3
A  1640 34  1413 419  29  4
A  526 1000  659 702  14  4
A  1429 877  137 921  33  0
A  927 773  228 701  7  2
A  517 56  64 263  47  0
A  1643 342  1261 56  9  3
A  972 360  1408 992  39  4
A  188 64  106 565  35  0
A  542 244  370 830  10  2
A  245 834  1625 1041  34  2
A  1277 784  1122 630  42  1
A  1258 305  848 946  44  3
A  1027 157  1287 74  29  4
A  651 976  701 701  18  1
A  730 663  773 296  27  2
A  1435 934  579 1017  41  1
A  953 295  1316 882  43  2
A  1205 301  386 244  22  0
A  1548 938  1688 889  36  4
A  828 21  274 361  34  1
A  1455 305  1657 594  39  4
A  1546 1048  1809 514  37  4
A  672 919  1587 438  8  4
A  351 563  1512 1011  18  0
A  1850 633  1717 637  29  3
A  28 581  1003 98  23  0
A  792 534  1898 833  25  2
A  1787 964  1611 535  13  4
A  701 66  217 266  42  2
A  941 1040  655 90  7  1
A  1729 517  683 1004  20  3
A  234 387  1689 744  10  4
A  336 180  1794 47  17  4
A  613 148  1895 11  36  2
A  1705 68  284 961  28  1
A  1254 39  1659 969  39  4
A  352 318  1134 301  30  1
A  171 1031  1446 177  34  0
A  686 312  1106 741  25  2
A  845 541  940 390  39  1
A  1563 88  770 774  15  1
A  1701 382  37 115  19  2
A  381 987  143 440  14  4
A  657 562  1099 563  13  4
A  416 320  1187 768  42  1
A  1151 38  1162 434  7  2
A  1160 533  1574 457  48  0
A  169 322  697 905  9  3
A  1479 723  415 678  17  0
A  1493 875  1783 1052  15  0
A  706 667  23 948  41  3
A  112 841  1881 378  16  2
A  1689 420  1796 458  10  2
A  504 917  1165 239  30  2
A  1170 600  1139 393  28  0
A  650 1019  1202 366  44  0
A  154 351  1328 415  6  4
A  309 670  332 625  16  4
A  407 185  366 353  31  2
A  617 98  734 77  11  2
A  1304 354  1718 486  37  2
A  1193 346  1360 461  33  2
A  1793 623  84 185  20  0
A  1734 380  1582 813  28  4
A  1807 542  697 881  29  1
A  1089 583  1447 607  21  4
A  917 126  157 497  40  0
A  1631 733  1305 876  30  1
A  1773 476  438 256  34  1
A  1487 776  793 896  48  0
A  1457 319  1540 916  13  4
A  255 307  100 24  10  0
A  1415 128  1645 692  24  2
A  1390 418  224 748  21  0
A  1611 205  454 77  36  4
A  922 771  1063 774  17  3
A  688 395  1301 241  19  3
A  241 466  846 779  41  3
A  906 661  1333 282  32  4
A  468 1053  196 502  35  2
A  1038 204  280 1053  34  0
A  826 379  747 999  35  3
A  1337 234  565 936  38  3
A  1339 791  1489 312  39  1
A  1743 34  1277 759  18  2
A  1448 126  612 241  49  3
A  641 445  1242 88  35  3
A  386 774  1237 703  35  0
A  563 21  61 653  43  2
A  1156 268  1081 993  44  4
A  493 628  1455 645  31  4
A  1688 322  952 750  42  4
A  1625 620  1823 622  11  1
A  1584 659  1747 398  32  3
A  1885 581  401 1027  31  3
A  768 219  33 864  44  4
A  590 344  1216 514  12  0
A  263 652  110 67  30  1
A  1205 859  1466 752  12  0
A  1157 395  851 371  24  0
A  4 762  1709 917  28  1
A  1291 1049  1062 39  23  4
A  29 439  942 1019  23  4
A  1498 423  60 724  47  0
A  1546 45  45 150  11  1
A  1860 200  1673 409  24  2
A  1687 920  1313 970  26  3
A  1039 680  1747 573  11  0
A  1494 201  880 127  12  3
A  1517 44  485 334  29  1
A  465 926  373 430  32  2
A  1862 295  1434 387  17  0
A  676 168  837 815  34  0
A  1661 148  802 33  7  4
A  1073 324  895 78  25  1
A  511 707  347 204  33  2
A  618 460  594 632  28  1
A  1797 716  419 466  36  3
A  707 684  454 501  23  1
A  12 751  518 608  37  0
A  1549 373  448 49  35  1
A  476 568  38 330  41  3
A  533 350  1574 552  7  1
A  118 156  1450 584  17  0
A  1577 129  104 675  49  1
A  1396 651  511 96  17  1
A  1582 260  870 872  27  3
A  91 995  805 345  9  2
A  1823 997  1570 106  28  4
A  566 491  1881 682  36  0
A  100 154  1573 992  35  0
A  1845 504  1845 315  47  2
A  230 568  1074 936  10  4
A  1870 829  763 613  27  2
A  312 953  148 893  23  1
A  296 728  1653 409  35  0
A  1015 1046  980 212  33  4
A  1532 784  1029 426  27  4
A  1140 874  1475 524  27  2
A  1473 40  968 101  25  1
A  1299 761  1224 632  11  0
A  628 838  1703 300  20  1
A  569 342  1892 678  11  1
A  464 761  1211 200  37  3
A  454 870  1798 322  48  4
A  470 763  437 195  27  3
A  1712 35  1178 15  27  4
A  1723 556  1343 308  21  4
A  1284 231  1598 495  13  0
A  994 777  478 364  42  1
A  1240 1042  1376 878  29  4
A  78 321  411 97  13  4
A  1326 684  1567 541  27  4
A  98 956  1057 576  12  2
A  523 818  301 733  7  3
A  1607 363  368 323  8  4
A  1139 811  963 451  40  1
A  782 558  227 909  35  4
A  1103 218  36 512  46  0
A  1564 1029  1218 26  10  0
A  1539 882  1375 539  35  0
A  669 17  1164 812  43  4
A  415 870  23 803  29  3
A  1082 255  1453 210  37  1
A  1150 664  1852 88  25  2
A  1669 981  489 396  6  2
A  377 462  44 281  49  4
A  1045 181  1674 300  9  0
A  283 499  192 148  34  2
A  179 1012  656 872  35  1
A  499 101  1207 801  45  0
A  588 447  642 892  30  3
A  576 257  1282 782  28  3
A  1059 673  1757 152  9  4
A  796 865  611 1012  17  3
A  1090 29  1125 657  5  0
A  890 78  734 612  42  1
A  813 858  655 675  32  0
A  1173 951  899 303  45  0
A  1542 903  690 805  30  0
A  188 717  1229 445  5  4
A  1432 237  1689 698  36  1
A  1716 374  581 92  36  0
A  157 775  368 568  25  1
A  713 612  519 116  19  2
A  116 449  1464 885  42  1
A  1036 199  1188 337  45  0
A  100 666  636 673  13  3
A  1478 768  365 926  41  0
A  1794 202  679 134  5  3
A  861 306  1789 585  13  1
A  357 751  8 597  28  3
A  1527 88  1516 864  23  0
A  1554 571  995 299  9  3
A  294 564  117 193  20  2
A  213 731  1633 962  28  3
A  1759 777  899 27  15  2
A  197 874  1707 853  15  0
A  40 904  1263 455  23  0
A  711 629  841 648  9  1
A  1548 147  954 1053  7  2
A  982 461  1040 721  5  2
A  1661 129  861 320  24  2
A  1593 755  1148 76  22  2
A  161 633  373 974  39  3
A  945 422  807 419  45  4
A  1342 397  1322 954  21  4
A  1521 584  1235 654  49  0
A  186 817  1865 375  11  4
A  999 639  273 984  44  4
A  1332 339  501 932  31  3
A  1801 45  778 656  29  1
A  1782 852  1565 18  31  1
A  748 493  1599 205  25  2
A  804 751  256 89  30  0
A  68 500  782 541  12  3
A  522 405  1498 620  41  4
A  1641 836  801 898  39  2
A  519 74  1532 178  9  4
A  967 655  1075 744  25  1
A  746 865  651 280  39  0
A  425 761  500 723  31  4
A  1264 274  290 977  32  1
A  1665 771  850 289  27  1
A  1054 609  196 621  45  3
A  1704 652  1131 375  47  0
A  982 898  651 783  48  4
A  37 1050  938 379  12  2
A  327 824  953 537  29  2
A  250 680  1649 1018  23  4
A  552 538  806 303  20  1
A  1265 808  1 1008  46  1
A  1792 180  736 242  36  1
A  796 498  540 809  45  4
A  569 457  1466 578  20  0
A  1172 659  1418 171  24  0
A  74 739  1823 95  9  1
A  1613 131  1366 70  25  2
A  158 561  1535 738  13  2
A  225 732  1491 931  12  4
A  283 314  1898 833  40  0
A  309 731  544 824  21  4
A  1711 432  1887 809  7  0
A  467 1040  1386 534  10  4
A  869 715  1753 232  14  0
A  831 702  502 850  36  4
A  895 917  1311 711  16  4
A  187 332  1861 827  34  0
A  792 521  1087 390  37  3
A  1892 728  193 905  43  2
A  813 144  47 975  46  3
A  1234 393  752 1037  47  0
A  1327 796  1650 768  8  4
A  784 907  137 951  28  4
A  401 1050  625 215  5  3
A  999 120  394 46  15  1
A  341 162  406 393  16  3
A  1439 858  1040 269  39  0
A  1325 923  1563 262  11  1
A  458 28  1331 563  30  3
A  653 54  351 608  36  1
A  1001 954  1100 127  28  2
A  563 999  462 1023  40  1
A  510 245  516 573  37  3
A  674 25  1503 437  46  3
A  868 74  232 179  29  0
A  377 387  300 370  45  0
A  974 210  339 896  10  1
A  1010 35  476 226  19  0
A  9 75  472 144  35  3
A  1782 793  800 695  14  1
A  112 121  1734 432  21  1
A  864 197  1151 643  19  1
A  326 664  851 554  10  2
A  949 532  1888 722  46  0
A  1207 571  1338 207  43  4
A  874 870  475 588  25  4
A  1869 859  776 572  35  2
A  1768 421  38 151  26  1
A  704 525  425 64  19  1
A  1249 647  584 939  31  2
A  1733 560  773 560  45  3
A  1299 81  1519 488  43  4
A  1782 1013  1016 381  25  4
A  1622 721  1101 167  45  1
A  1660 906  1340 385  25  1
A  967 398  1779 432  13  4
A  1832 870  1333 672  15  3
A  1606 432  672 1054  28  4
A  1110 307  582 192  49  2
A  1453 995  1733 1005  7  0
A  1491 839  1148 590  39  3
A  1042 896  20 95  18  0
A  593 647  1083 1037  48  3
A  918 504  1396 840  46  2
A  1607 441  1289 692  36  1
A  1294 357  1553 302  20  2
A  1853 254  1153 13  16  2
A  1436 986  1201 691  9  4
A  1899 482  1218 587  48  4
A  1810 62  1475 679  42  1
A  761 41  371 226  41  3
A  1703 661  1397 936  21  0
A  1330 842  816 31  43  0
A  1286 413  1135 564  7  0
A  1651 622  1084 286  27  3
A  880 275  1577 583  6  0
A  566 104  406 335  37  2
A  1725 735  375 1  6  0
A  634 844  725 1041  11  3
A  503 72  1680 67  38  4
A  371 630  661 900  13  2
A  965 999  838 103  21  3
A  1895 543  918 102  7  4
A  823 311  881 248  19  2
A  798 847  994 379  21  4
A  845 349  195 927  24  3
A  881 874  200 832  22  3
A  1835 145  1182 605  44  4
A  1109 762  762 342  18  3
A  104 1  825 698  17  1
A  1155 430  941 450  37  0
A  1690 610  197 82  22  1
A  573 749  863 875  39  3
A  1886 876  1845 560  8  0
A  1618 643  1454 1023  23  1
A  814 588  916 367  10  0
A  270 853  76 287  40  0
A  1425 660  1200 129  5  4
A  1332 1053  882 409  13  1
A  530 391  716 424  29  4
A  322 361  10 731  20  0
A  1196 650  1705 584  37  3
A  1747 575  1453 539  34  1
A  485 576  1274 588  5  3
A  1689 887  199 385  11  1
A  1666 646  1399 16  37  4
A  1689 685  250 114  27  4
A  887 461  1534 513  45  3
A  1714 65  1506 428  33  4
A  1016 802  1703 808  19  0
A  986 66  1873 625  47  0
A  224 283  1847 854  13  4
A  654 397  170 40  25  2
A  1471 324  528 789  30  1
A  1893 661  96 797  16  2
A  1424 447  885 817  27  0
A  759 989  783 778  13  3
A  1268 429  351 250  42  3
A  1873 613  258 193  7  0
A  1246 708  1076 254  40  0
A  902 961  237 507  30  2
A  827 129  531 343  17  1
A  1636 147  1408 659  40  0
A  813 635  1843 403  18  0
A  1558 666  1705 646  16  0
A  276 755  483 826  37  3
A  688 502  1094 411  30  4
A  1337 633  953 957  38  3
A  687 586  1590 370  49  0
A  508 139  257 793  20  3
A  696 222  613 659  20  2
A  1065 128  181 31  31  3
A  125 1040  392 499  13  0
A  1414 765  83 617  23  4
A  1307 368  1143 544  43  3
A  74 909  462 619  16  2
A  147 838  1382 300  9  3
A  1599 515  674 783  26  4
A  1200 772  1389 863  29  4
A  1019 609  1417 562  20  1
A  1450 860  132 105  29  3
A  67 98  871 70  26  1
A  335 142  1028 321  5  1
A  125 925  1738 47  45  0
A  1616 359  1289 126  41  1
A  1037 83  306 721  40  3
A  615 228  528 998  45  4
A  1751 37  861 191  21  1
A  1457 176  1883 708  15  0
A  1108 704  1794 149  10  2
A  635 799  703 314  5  3
A  1712 387  763 220  18  0
A  760 149  1835 233  26  1
A  920 918  1194 15  16  0
A  1611 706  86 577  22  3
A  1505 143  1607 340  17  4
A  1335 161  1879 951  48  2
A  708 553  546 463  47  4
A  621 979  1890 1036  39  3
A  698 597  1447 976  30  4
A  64 532  1449 963  12  3
A  682 327  639 1001  5  3
A  1850 939  1738 237  29  2
A  888 1036  1668 290  19  0
A  519 622  892 18  25  2
A  672 594  1199 282  37  3
A  312 771  1623 832  38  3
A  1237 743  492 867  42  2
A  1697 833  735 925  33  4
A  40 394  33 373  22  3
A  1652 1037  417 184  46  1
A  647 783  697 510  45  0
A  124 84  1886 548  47  0
A  395 861  1763 130  26  4
A  641 579  613 374  42  3
A  1817 996  395 886  30  1
A  452 288  1409 610  5  2
A  992 874  833 190  38  2
A  361 730  298 256  43  0
A  7 834  1484 713  29  3
A  691 498  1184 278  35  2
A  1636 189  897 157  6  2
A  1026 876  222 1020  21  2
A  1577 359  1759 556  43  2
A  1273 935  699 929  48  0
A  317 51  1350 573  34  2
A  122 717  1797 779  45  3
A  567 393  944 661  33  3
A  1058 743  62 849  26  2
A  254 724  458 213  28  1
A  545 862  698 275  32  4
A  1343 410  1049 712  24  1
A  1492 428  1309 729  34  3
A  1712 419  98 966  44  4
A  1409 323  445 647  43  0
A  625 33  952 435  5  4
A  1707 723  1561 656  22  3
A  572 160  51 621  44  1
A  1796 513  500 374  19  1
A  55 260  756 80  34  4
A  90 925  769 534  7  0
A  666 551  565 987  22  3
A  850 91  1485 482  18  4
A  1075 341  1639 947  28  0
A  1029 83  471 485  46  0
A  802 618  27 583  23  2
A  945 119  1223 31  36  1
A  316 69  1562 213  38  2
A  1459 558  41 758  20  4
A  1548 454  164 859  42  0
A  482 446  1239 941  24  2
A  1133 975  963 17  8  1
A  1040 566  1810 94  24  3
A  934 478  491 1035  26  4
A  624 356  235 780  48  4
A  921 610  1385 592  31  2
A  1356 197  1334 299  39  2
A  332 786  1570 383  30  4
A  1708 214  239 172  16  2
A  1001 557  1363 868  23  1
A  1548 671  1613 233  33  0
A  872 59  502 26  15  3
A  1698 214  1234 288  44  1
A  69 98  1153 68  7  4
A  335 595  1632 71  38  2
A  1374 731  1893 388  22  1
A  1153 109  1807 407  18  4
A  955 26  1103 841  32  3
A  819 848  1683 952  47  0
A  1579 824  332 191  27  0
A  713 322  859 218  40  3
A  1354 495  1877 353  7  2
A  1502 89  184 577  27  3
A  622 161  1751 285  9  0
A  1862 893  1197 294  41  4
A  542 1001  706 381  39  1
A  1809 945  71 218  28  0
A  396 612  466 592  24  3
A  367 512  70 478  24  1
A  51 292  121 788  13  2
A  1512 60  1090 919  43  4
A  1507 734  1346 139  23  4
A  1796 301  36 783  5  2
A  123 1052  821 485  37  1
A  1301 193  55 354  46  0
A  1671 614  186 173  38  4
A  354 272  1474 200  13  4
A  264 860  352 172  20  2
A  222 638  1809 563  29  3
A  26 37  977 333  27  3
A  259 155  1452 697  14  2
A  796 75  1590 682  21  3
A  1413 172  1245 557  22  0
A  1614 1019  1451 455  29  2
A  1319 873  324 516  11  3
A  1706 117  824 231  29  0
A  28 623  880 750  40  3
A  1516 731  1813 173  28  0
A  674 755  1541 237  25  2
A  364 41  460 140  19  4
A  1181 656  1336 25  32  1
A  682 727  1014 894  23  1
A  255 466  1154 508  49  3
A  358 525  910 11  29  0
A  1838 418  554 459  41  3
A  1070 612  871 166  34  3
A  1709 63  398 123  47  3
A  1627 512  514 961  42  0
A  156 802  351 626  13  0
A  1139 612  236 393  23  4
A  1028 313  751 12  36  2
A  522 361  195 700  41  2
A  1568 163  557 334  7  4
A  180 513  1672 183  7  0
A  20 71  789 508  16  4
A  487 916  1517 958  13  1
A  322 391  142 337  33  3
A  1290 332  1654 119  18  1
A  1308 710  816 172  13  3
A  770 1014  1311 151  29  2
A  1556 922  416 145  7  4
A  526 955  1727 840  12  1
A  1179 734  1075 973  48  3
A  616 614  244 1012  13  4
A  1501 128  1135 832  20  0
A  312 288  952 608  23  4
A  64 232  911 432  17  4
A  935 323  1618 110  11  4
A  155 1004  1478 171  7  1
A  981 270  337 596  47  4
A  66 834  1497 830  34  2
A  1167 739  994 438  13  4
A  274 778  1242 113  23  1
A  789 175  1155 787  12  2
A  1315 208  1202 724  6  2
A  1693 543  1743 642  40  3
A  1225 1032  1169 951  48  2
A  750 897  330 813  45  0
A  984 671  605 451  28  4
A  144 46  1572 98  15  4
A  567 764  24 1031  38  1
A  361 1043  1354 190  42  2
A  862 97  1534 124  22  2
A  1386 558  668 763  5  4
A  68 106  545 392  44  2
A  833 352  643 389  10  2
A  1291 596  1197 565  13  4
A  54 72  174 440  23  1
A  297 54  875 758  32  0
A  1669 777  891 534  35  2
A  913 775  971 637  40  3
A  391 628  1754 188  48  4
A  425 219  1776 759  49  4
A  107 409  1190 754  47  0
A  319 248  997 222  12  4
A  1662 487  1647 653  21  2
A  344 1047  240 750  8  0
A  1435 665  1276 3  31  0
A  1480 343  796 930  13  0
A  782 489  23 180  19  2
A  1211 1006  365 238  41  3
A  1682 1035  933 882  36  1
A  1179 553  1498 615  6  4
A  1443 996  649 271  19  2
A  767 21  949 830  8  3
A  1380 617  411 637  35  2
A  1150 58  1250 83  42  1
A  236 584  1121 694  6  2
A  1280 426  1486 1050  48  2
A  669 65  610 258  47  4
A  943 887  441 394  31  3
A  1489 847  38 719  25  1
A  1307 987  447 968  38  3
A  1517 294  1445 763  46  0
A  712 725  92 323  41  4
A  1767 839  1419 1020  49  0
A  460 743  774 1019  49  0
A  1102 1001  1884 489  21  4
A  299 778  183 316  44  4
A  131 1046  297 1003  49  3
A  715 688  412 354  30  3
A  1181 81  1673 376  15  2
A  1693 502  660 977  28  3
A  1546 682  1432 22  39  3
A  1013 550  1596 750  26  3
A  1095 761  138 868  5  4
A  1806 28  1132 860  39  4
A  619 57  886 380  21  1
A  93 905  1143 477  29  4
A  587 452  1325 376  30  3
A  694 50  704 604  28  4
A  615 897  1399 907  34  4
A  731 880  233 909  45  2
A  1762 786  617 1026  20  1
A  700 155  1780 197  18  0
A  160 709  1778 704  23  3
A  375 969  945 55  43  1
A  271 992  1507 396  43  4
A  1008 456  297 717  24  0
A  745 774  332 138  29  0
A  1333 576  1824 443  8  2
A  1572 88  198 449  5  4
A  1436 918  271 575  42  4
A  1374 407  832 744  25  1
A  121 282  1873 333  20  4
A  1708 686  685 852  44  3
A  861 581  519 472  21  1
A  831 59  357 602  39  4
A  1198 900  191 811  21  3
A  609 17  1691 74  5  1
A  1683 90  1477 641  44  4
A  1211 76  500 290  38  3
A  1509 59  1474 398  43  3
A  162 143  401 285  6  2
A  1774 496  827 1057  25  2
A  1008 126  188 458  37  2
A  69 658  1190 269  31  0
A  1265 882  961 759  10  4
A  140 342  118 361  9  4
A  570 113  952 57  12  0
A  527 11  201 627  11  3
A  1301 590  138 132  16  4
A  1154 316  361 996  43  1
A  582 688  1795 332  11  2
A  309 751  632 161  41  0
A  996 640  338 789  37  4
A  1089 548  1 588  37  4
A  199 187  893 773  40  1
A  1034 249  21 502  7  2
A  1061 51  745 13  42  3
A  1248 641  318 1026  37  0
A  1197 232  1054 590  17  3
A  915 31  1237 788  49  4
A  721 211  1494 62  5  1
A  1364 946  47 881  44  1
A  380 928  1184 598  26  2
A  1684 364  711 890  24  3
T  1308 441  186
T  1498 169  53
T  1622 250  194
